{
    "animation": [
        {
            "name": "Root",
            "time": [0.0, 0.2083, 0.7083, 1.6667],
            "transform": [
                [1.0, 0.0, 0.0, -5e-06, 0.0, 0.0, -1.0, 0.000946, 0.0, 1.0, 0.0, 0.763972, 0.0, 0.0, 0.0, 1.0],
                [1.0, 0.0, 0.0, -5e-06, 0.0, 0.0, -1.0, 0.000946, 0.0, 1.0, 0.0, 0.798584, 0.0, 0.0, 0.0, 1.0],
                [1.0, 0.0, 0.0, -5e-06, 0.0, 0.0, -1.0, 0.000946, 0.0, 1.0, 0.0, 0.723591, 0.0, 0.0, 0.0, 1.0],
                [1.0, 0.0, 0.0, -5e-06, 0.0, 0.0, -1.0, 0.000946, 0.0, 1.0, 0.0, 0.763972, 0.0, 0.0, 0.0, 1.0]
            ]
        },
        {
            "name": "Thigh_R",
            "time": [0.0, 0.2083, 0.25, 0.2917, 0.3333, 0.375, 0.7083, 1.375, 1.6667],
            "transform": [
                [0.725117, 0.236463, 0.646753, 0.124994, 0.336565, -0.94107, -0.033274, -0.002831, 0.600773, 0.241802, -0.761974, 0.089933, 0.0, 0.0, 0.0, 1.0],
                [0.725117, 0.236463, 0.646753, 0.124994, 0.286426, -0.957661, 0.029006, -0.002831, 0.62623, 0.164215, -0.762148, 0.089933, 0.0, 0.0, 0.0, 1.0],
                [0.725117, 0.236463, 0.646753, 0.124994, 0.188706, -0.971473, 0.143616, -0.002831, 0.662264, 0.017908, -0.749056, 0.089933, 0.0, 0.0, 0.0, 1.0],
                [0.725117, 0.236463, 0.646753, 0.124994, 0.108162, -0.966645, 0.232154, -0.002831, 0.680077, -0.098384, -0.726509, 0.089933, 0.0, 0.0, 0.0, 1.0],
                [0.725118, 0.236462, 0.646753, 0.124994, 0.074214, -0.960557, 0.267989, -0.002831, 0.684614, -0.146325, -0.714068, 0.089933, 0.0, 0.0, 0.0, 1.0],
                [0.725134, 0.236453, 0.646738, 0.124994, -0.077958, -0.904967, 0.418274, -0.002831, 0.68418, -0.353722, -0.637792, 0.089933, 0.0, 0.0, 0.0, 1.0],
                [0.725117, 0.236463, 0.646753, 0.124994, 0.023566, -0.947164, 0.319878, -0.002831, 0.688221, -0.216707, -0.692379, 0.089933, 0.0, 0.0, 0.0, 1.0],
                [0.725118, 0.236462, 0.646753, 0.124994, 0.165725, -0.971512, 0.169396, -0.002831, 0.668386, -0.015649, -0.74365, 0.089933, 0.0, 0.0, 0.0, 1.0],
                [0.725117, 0.236463, 0.646753, 0.124994, 0.336565, -0.94107, -0.033274, -0.002831, 0.600773, 0.241802, -0.761974, 0.089933, 0.0, 0.0, 0.0, 1.0]
            ]
        },
        {
            "name": "Leg_R",
            "time": [0.0, 0.2083, 0.7083, 1.6667],
            "transform": [
                [1.0, 0.0, 1e-06, 0.0, -0.0, 0.983209, 0.182489, 0.37472, -1e-06, -0.182489, 0.983207, 0.0, 0.0, 0.0, 0.0, 1.0],
                [1.0, -0.0, 1e-06, -0.0, -0.0, 0.798649, 0.601797, 0.37472, -1e-06, -0.601798, 0.798648, -0.0, 0.0, 0.0, 0.0, 1.0],
                [1.0, 0.0, 1e-06, -0.0, -0.0, 0.980456, 0.196745, 0.37472, -1e-06, -0.196745, 0.980454, -0.0, 0.0, 0.0, 0.0, 1.0],
                [1.0, 0.0, 1e-06, 0.0, -0.0, 0.983209, 0.182489, 0.37472, -1e-06, -0.182489, 0.983207, 0.0, 0.0, 0.0, 0.0, 1.0]
            ]
        },
        {
            "name": "Knee_R",
            "time": [0.0, 0.2083, 0.7083, 1.6667],
            "transform": [
                [1.0, 0.0, -0.0, 0.0, -0.0, 1e-06, -1.0, 0.37472, -0.0, 1.0, 1e-06, 0.0, 0.0, 0.0, 0.0, 1.0],
                [1.0, -0.0, -0.0, 0.0, -0.0, 1e-06, -1.0, 0.387551, -0.0, 1.0, 1e-06, 0.0, 0.0, 0.0, 0.0, 1.0],
                [1.0, 0.0, -0.0, -0.0, -0.0, 1e-06, -1.0, 0.37472, -0.0, 1.0, 1e-06, -0.0, 0.0, 0.0, 0.0, 1.0],
                [1.0, 0.0, -0.0, 0.0, -0.0, 1e-06, -1.0, 0.37472, -0.0, 1.0, 1e-06, 0.0, 0.0, 0.0, 0.0, 1.0]
            ]
        },
        {
            "name": "Thigh_L",
            "time": [0.0, 0.2083, 0.3333, 0.375, 0.7083, 0.7917, 0.9583, 1.1667, 1.6667],
            "transform": [
                [0.966843, -0.145234, -0.210048, -0.125006, 0.0, -0.822529, 0.568722, -0.002831, -0.255369, -0.549865, -0.795257, -1.2e-05, 0.0, 0.0, 0.0, 1.0],
                [0.966843, -0.145234, -0.210049, -0.125006, -0.045043, -0.906619, 0.419536, -0.002831, -0.251365, -0.396164, -0.883102, -1.2e-05, 0.0, 0.0, 0.0, 1.0],
                [0.966843, -0.145234, -0.210049, -0.125006, -0.073193, -0.945621, 0.316926, -0.002831, -0.244655, -0.291043, -0.924898, -1.2e-05, 0.0, 0.0, 0.0, 1.0],
                [0.966843, -0.145234, -0.210049, -0.125006, -0.100325, -0.972417, 0.210568, -0.002831, -0.234837, -0.182513, -0.954746, -1.2e-05, 0.0, 0.0, 0.0, 1.0],
                [0.966843, -0.145234, -0.210048, -0.125006, -0.047574, -0.910567, 0.410612, -0.002831, -0.250898, -0.387005, -0.887286, -1.2e-05, 0.0, 0.0, 0.0, 1.0],
                [0.966843, -0.145234, -0.210048, -0.125006, -0.016603, -0.856538, 0.515815, -0.002831, -0.254829, -0.495224, -0.830551, -1.2e-05, 0.0, 0.0, 0.0, 1.0],
                [0.966843, -0.145234, -0.210049, -0.125006, -0.041249, -0.900547, 0.432796, -0.002831, -0.252015, -0.409781, -0.876679, -1.2e-05, 0.0, 0.0, 0.0, 1.0],
                [0.966843, -0.145234, -0.210049, -0.125006, -0.089012, -0.962606, 0.255859, -0.002831, -0.239354, -0.228678, -0.943618, -1.2e-05, 0.0, 0.0, 0.0, 1.0],
                [0.966843, -0.145234, -0.210048, -0.125006, 0.0, -0.822529, 0.568722, -0.002831, -0.255369, -0.549865, -0.795257, -1.2e-05, 0.0, 0.0, 0.0, 1.0]
            ]
        },
        {
            "name": "Leg_L",
            "time": [0.0, 0.2083, 0.25, 0.3333, 0.7083, 1.6667],
            "transform": [
                [1.0, -0.0, 1e-06, -0.0, -0.0, 0.797541, 0.603265, 0.37472, -1e-06, -0.603264, 0.797542, -0.0, 0.0, 0.0, 0.0, 1.0],
                [1.0, -0.0, 1e-06, -0.0, -0.0, 0.573871, 0.818946, 0.37472, -1e-06, -0.818945, 0.573872, 0.0, 0.0, 0.0, 0.0, 1.0],
                [1.0, -0.0, 1e-06, 0.0, -0.0, 0.642388, 0.76638, 0.37472, -1e-06, -0.766379, 0.642388, -0.0, 0.0, 0.0, 0.0, 1.0],
                [1.0, -0.0, 1e-06, 0.0, -0.0, 0.866892, 0.498497, 0.37472, -1e-06, -0.498496, 0.866892, 0.0, 0.0, 0.0, 0.0, 1.0],
                [1.0, 0.0, 1e-06, -0.0, -0.0, 0.966549, 0.256481, 0.37472, -1e-06, -0.256481, 0.96655, 0.0, 0.0, 0.0, 0.0, 1.0],
                [1.0, -0.0, 1e-06, -0.0, -0.0, 0.797541, 0.603265, 0.37472, -1e-06, -0.603264, 0.797542, -0.0, 0.0, 0.0, 0.0, 1.0]
            ]
        },
        {
            "name": "Knee_L",
            "time": [0.0, 0.2083, 0.7083, 1.6667],
            "transform": [
                [1.0, 0.0, -0.0, -0.0, -0.0, 1e-06, -1.0, 0.387744, -0.0, 1.0, 1e-06, -0.0, 0.0, 0.0, 0.0, 1.0],
                [1.0, 0.0, -0.0, -0.0, -0.0, 1e-06, -1.0, 0.420516, -0.0, 1.0, 1e-06, -0.0, 0.0, 0.0, 0.0, 1.0],
                [1.0, 0.0, -0.0, -0.0, -0.0, 1e-06, -1.0, 0.37472, -0.0, 1.0, 1e-06, 0.0, 0.0, 0.0, 0.0, 1.0],
                [1.0, 0.0, -0.0, -0.0, -0.0, 1e-06, -1.0, 0.387744, -0.0, 1.0, 1e-06, -0.0, 0.0, 0.0, 0.0, 1.0]
            ]
        },
        {
            "name": "Torso",
            "time": [0.0, 0.2083, 0.7083, 1.6667],
            "transform": [
                [0.661801, 0.0, -0.749679, 0.0, 0.0, 1.0, 0.0, 0.05, 0.749679, 0.0, 0.661801, 0.0, 0.0, 0.0, 0.0, 1.0],
                [0.661801, 0.0, -0.749679, 0.0, 0.050616, 0.997718, 0.044682, 0.05, 0.747969, -0.067516, 0.660291, 0.0, 0.0, 0.0, 0.0, 1.0],
                [0.661801, 0.0, -0.749679, 0.0, 0.050616, 0.997718, 0.044682, 0.05, 0.747969, -0.067516, 0.660291, 0.0, 0.0, 0.0, 0.0, 1.0],
                [0.661801, 0.0, -0.749679, 0.0, 0.0, 1.0, 0.0, 0.05, 0.749679, 0.0, 0.661801, 0.0, 0.0, 0.0, 0.0, 1.0]
            ]
        },
        {
            "name": "Chest",
            "time": [0.0, 0.2083, 0.4583, 0.7083, 1.6667],
            "transform": [
                [0.670032, -0.342827, 0.658427, -0.0, 0.122401, 0.925853, 0.35751, 0.3, -0.732171, -0.158951, 0.662314, -0.0, 0.0, 0.0, 0.0, 1.0],
                [0.671094, -0.334767, 0.661486, -0.0, 0.122187, 0.929987, 0.346689, 0.3, -0.731233, -0.151836, 0.665014, 0.0, 0.0, 0.0, 0.0, 1.0],
                [0.678014, -0.281025, 0.679207, -0.0, 0.120377, 0.954006, 0.274559, 0.3, -0.725125, -0.104394, 0.680658, -0.0, 0.0, 0.0, 0.0, 1.0],
                [0.678014, -0.281025, 0.679207, -0.0, 0.120377, 0.954006, 0.274559, 0.3, -0.725125, -0.104394, 0.680658, -0.0, 0.0, 0.0, 0.0, 1.0],
                [0.670032, -0.342827, 0.658427, -0.0, 0.122401, 0.925853, 0.35751, 0.3, -0.732171, -0.158951, 0.662314, -0.0, 0.0, 0.0, 0.0, 1.0]
            ]
        },
        {
            "name": "Head",
            "time": [0.0, 0.2083, 0.7083, 1.6667],
            "transform": [
                [0.992863, 0.101069, 0.063312, 0.0, -0.102184, 0.994658, 0.014611, 0.4, -0.061497, -0.020976, 0.997887, 0.0, 0.0, 0.0, 0.0, 1.0],
                [0.992863, 0.101069, 0.063312, -0.0, -0.102184, 0.994658, 0.014611, 0.4, -0.061497, -0.020976, 0.997887, 0.0, 0.0, 0.0, 0.0, 1.0],
                [0.992863, 0.101069, 0.063312, -0.0, -0.102184, 0.994658, 0.014611, 0.4, -0.061497, -0.020976, 0.997887, 0.0, 0.0, 0.0, 0.0, 1.0],
                [0.992863, 0.101069, 0.063312, 0.0, -0.102184, 0.994658, 0.014611, 0.4, -0.061497, -0.020976, 0.997887, 0.0, 0.0, 0.0, 0.0, 1.0]
            ]
        },
        {
            "name": "Shoulder_R",
            "time": [0.0, 0.2083, 0.7083, 1.6667],
            "transform": [
                [0.0, 0.952114, 0.305743, 0.0, 0.0, -0.305743, 0.952114, 0.4, 1.0, -0.0, -0.0, 0.0, 0.0, 0.0, 0.0, 1.0],
                [0.0, 0.952114, 0.305743, -0.0, 0.0, -0.305743, 0.952114, 0.4, 1.0, -0.0, 0.0, 0.0, 0.0, 0.0, 0.0, 1.0],
                [0.0, 0.952114, 0.305743, -0.0, 0.0, -0.305743, 0.952114, 0.4, 1.0, -0.0, -0.0, 0.0, 0.0, 0.0, 0.0, 1.0],
                [0.0, 0.952114, 0.305743, 0.0, 0.0, -0.305743, 0.952114, 0.4, 1.0, -0.0, -0.0, 0.0, 0.0, 0.0, 0.0, 1.0]
            ]
        },
        {
            "name": "Arm_R",
            "time": [0.0, 0.2083, 0.625, 0.7083, 0.9167, 1.6667],
            "transform": [
                [-0.011637, 0.713744, -0.70031, -0.0, 0.67062, 0.525068, 0.523996, 0.39386, 0.741709, -0.463544, -0.484762, -0.0, 0.0, 0.0, 0.0, 1.0],
                [-0.011637, 0.713744, -0.70031, -0.0, 0.67062, 0.525068, 0.523996, 0.39386, 0.741709, -0.463544, -0.484762, 0.0, 0.0, 0.0, 0.0, 1.0],
                [0.073763, 0.624757, -0.777327, 0.0, 0.67807, 0.54014, 0.498468, 0.39386, 0.731287, -0.563851, -0.383786, -0.0, 0.0, 0.0, 0.0, 1.0],
                [-0.011637, 0.713744, -0.70031, 0.0, 0.670621, 0.525068, 0.523996, 0.39386, 0.741709, -0.463544, -0.484762, -0.0, 0.0, 0.0, 0.0, 1.0],
                [0.116244, 0.574178, -0.810436, 0.0, 0.682753, 0.546416, 0.485055, 0.39386, 0.721343, -0.609712, -0.328504, -0.0, 0.0, 0.0, 0.0, 1.0],
                [-0.011637, 0.713744, -0.70031, -0.0, 0.67062, 0.525068, 0.523996, 0.39386, 0.741709, -0.463544, -0.484762, -0.0, 0.0, 0.0, 0.0, 1.0]
            ]
        },
        {
            "name": "Hand_R",
            "time": [0.0, 0.2083, 0.25, 0.7083, 1.0417, 1.5, 1.6667],
            "transform": [
                [1.0, 0.0, 0.0, 0.0, 0.0, 0.761786, -0.64783, 0.3, -0.0, 0.64783, 0.761785, 0.0, 0.0, 0.0, 0.0, 1.0],
                [1.0, 0.0, 0.0, 0.0, 0.0, 0.761786, -0.64783, 0.3, -0.0, 0.64783, 0.761786, 0.0, 0.0, 0.0, 0.0, 1.0],
                [1.0, 0.0, 0.0, 0.0, 0.0, 0.929669, -0.368397, 0.3, -0.0, 0.368397, 0.929669, 0.0, 0.0, 0.0, 0.0, 1.0],
                [1.0, 0.0, 0.0, 0.0, 0.0, 0.761786, -0.64783, 0.3, -0.0, 0.64783, 0.761786, -0.0, 0.0, 0.0, 0.0, 1.0],
                [1.0, 0.0, 0.0, -0.0, -0.0, 0.538077, -0.842896, 0.3, -0.0, 0.842896, 0.538077, -0.0, 0.0, 0.0, 0.0, 1.0],
                [1.0, 0.0, 0.0, 0.0, 0.0, 0.89936, -0.437209, 0.3, -0.0, 0.437209, 0.89936, -0.0, 0.0, 0.0, 0.0, 1.0],
                [1.0, 0.0, 0.0, 0.0, 0.0, 0.761786, -0.64783, 0.3, -0.0, 0.64783, 0.761785, 0.0, 0.0, 0.0, 0.0, 1.0]
            ]
        },
        {
            "name": "Tool_R",
            "time": [0.0, 0.0833, 0.125, 0.1667, 0.2083, 0.4167, 0.4583, 0.5, 0.5417, 0.5833, 0.625, 0.6667, 0.7083, 1.6667],
            "transform": [
                [0.565928, 0.785053, -0.251829, -0.027015, 0.619636, -0.606498, -0.498209, 0.455453, -0.543525, 0.125827, -0.829195, -0.035448, 0.0, 0.0, 0.0, 1.0],
                [0.590945, 0.727146, -0.349346, -0.027014, 0.612115, -0.686237, -0.392929, 0.455453, -0.525133, 0.018341, -0.850126, -0.035448, 0.0, 0.0, 0.0, 1.0],
                [0.673788, 0.417627, -0.609588, -0.027014, 0.554427, -0.831098, 0.043435, 0.455453, -0.488193, -0.36703, -0.791058, -0.035448, 0.0, 0.0, 0.0, 1.0],
                [0.680633, 0.369214, -0.632788, -0.027014, 0.544233, -0.833032, 0.099332, 0.455453, -0.490162, -0.411758, -0.767472, -0.035448, 0.0, 0.0, 0.0, 1.0],
                [0.734085, -0.073779, -0.675038, 0.04003, 0.450548, -0.690838, 0.565465, 0.373267, -0.507756, -0.718817, -0.473606, -0.09329, 0.0, 0.0, 0.0, 1.0],
                [0.687969, 0.307748, -0.657259, 0.115642, 0.532707, -0.829183, 0.169349, 0.186217, -0.492574, -0.466366, -0.733955, -0.245132, 0.0, 0.0, 0.0, 1.0],
                [0.674004, 0.31214, -0.669542, 0.10774, 0.502227, -0.858283, 0.105443, 0.201131, -0.541418, -0.407099, -0.734815, -0.233517, 0.0, 0.0, 0.0, 1.0],
                [0.659055, 0.206039, -0.723322, 0.08736, 0.459686, -0.871545, 0.170583, 0.239593, -0.594903, -0.44467, -0.668711, -0.203562, 0.0, 0.0, 0.0, 1.0],
                [0.590044, -0.019868, -0.807126, 0.059494, 0.472616, -0.802016, 0.365245, 0.292185, -0.654193, -0.596627, -0.463557, -0.162603, 0.0, 0.0, 0.0, 1.0],
                [0.491332, -0.161879, -0.855797, 0.029133, 0.515593, -0.737856, 0.435583, 0.349485, -0.701545, -0.654879, -0.278899, -0.117977, 0.0, 0.0, 0.0, 1.0],
                [0.403301, -0.218335, -0.888638, 0.001267, 0.529817, -0.736069, 0.421302, 0.402077, -0.745637, -0.640356, -0.181068, -0.077018, 0.0, 0.0, 0.0, 1.0],
                [0.39837, -0.593014, -0.69974, -0.019112, 0.699636, -0.296873, 0.649904, 0.440539, -0.592777, -0.748026, 0.296461, -0.047063, 0.0, 0.0, 0.0, 1.0],
                [0.331893, 0.202496, -0.921326, -0.027015, 0.250742, -0.96049, -0.120778, 0.455453, -0.908841, -0.190827, -0.369336, -0.035448, 0.0, 0.0, 0.0, 1.0],
                [0.565928, 0.785053, -0.251829, -0.027015, 0.619636, -0.606498, -0.498209, 0.455453, -0.543525, 0.125827, -0.829195, -0.035448, 0.0, 0.0, 0.0, 1.0]
            ]
        },
        {
            "name": "Elbow_R",
            "time": [0.0, 0.2083, 0.7083, 1.6667],
            "transform": [
                [-1.0, 0.0, -0.0, -0.0, 0.0, -0.0, -1.0, 0.376365, -0.0, -1.0, 0.0, 0.0, 0.0, 0.0, 0.0, 1.0],
                [-1.0, 0.0, -0.0, 0.0, 0.0, -0.0, -1.0, 0.376365, -0.0, -1.0, 0.0, 0.0, 0.0, 0.0, 0.0, 1.0],
                [-1.0, 0.0, -0.0, 0.0, 0.0, -0.0, -1.0, 0.376365, -0.0, -1.0, 0.0, -0.0, 0.0, 0.0, 0.0, 1.0],
                [-1.0, 0.0, -0.0, -0.0, 0.0, -0.0, -1.0, 0.376365, -0.0, -1.0, 0.0, 0.0, 0.0, 0.0, 0.0, 1.0]
            ]
        },
        {
            "name": "Shoulder_L",
            "time": [0.0, 0.2083, 0.4583, 0.7083, 1.6667],
            "transform": [
                [-0.245591, -0.901745, -0.355726, 0.0, 0.022333, -0.372131, 0.927912, 0.4, -0.969116, 0.219942, 0.11153, 0.0, 0.0, 0.0, 0.0, 1.0],
                [-0.245591, -0.901745, -0.355726, -0.0, 0.022333, -0.372131, 0.927912, 0.4, -0.969116, 0.219942, 0.11153, 0.0, 0.0, 0.0, 0.0, 1.0],
                [-0.217735, -0.874632, -0.433141, 0.0, 0.005174, -0.444816, 0.895607, 0.4, -0.975994, 0.192764, 0.101377, 0.0, 0.0, 0.0, 0.0, 1.0],
                [-0.217735, -0.874632, -0.433141, -0.0, 0.005174, -0.444816, 0.895607, 0.4, -0.975994, 0.192764, 0.101377, 0.0, 0.0, 0.0, 0.0, 1.0],
                [-0.245591, -0.901745, -0.355726, 0.0, 0.022333, -0.372131, 0.927912, 0.4, -0.969116, 0.219942, 0.11153, 0.0, 0.0, 0.0, 0.0, 1.0]
            ]
        },
        {
            "name": "Arm_L",
            "time": [0.0, 0.2083, 0.7083, 1.6667],
            "transform": [
                [0.149234, 0.509496, 0.847433, 0.0, -0.755209, 0.611941, -0.23492, 0.39386, -0.63827, -0.604931, 0.476099, -0.0, 0.0, 0.0, 0.0, 1.0],
                [0.149234, 0.509496, 0.847433, 0.0, -0.755209, 0.611941, -0.23492, 0.39386, -0.63827, -0.604931, 0.476099, 0.0, 0.0, 0.0, 0.0, 1.0],
                [0.254037, 0.510185, 0.821691, -0.0, -0.556358, 0.772017, -0.307336, 0.39386, -0.791158, -0.37908, 0.479967, -0.0, 0.0, 0.0, 0.0, 1.0],
                [0.149234, 0.509496, 0.847433, 0.0, -0.755209, 0.611941, -0.23492, 0.39386, -0.63827, -0.604931, 0.476099, -0.0, 0.0, 0.0, 0.0, 1.0]
            ]
        },
        {
            "name": "Hand_L",
            "time": [0.0, 0.2083, 0.3333, 0.7083, 1.6667],
            "transform": [
                [1.0, 0.0, 0.0, -0.0, -0.0, 0.992531, -0.121997, 0.3, -0.0, 0.121997, 0.99253, -0.0, 0.0, 0.0, 0.0, 1.0],
                [1.0, 0.0, 0.0, 0.0, -0.0, 0.992531, -0.121998, 0.3, -0.0, 0.121997, 0.99253, 0.0, 0.0, 0.0, 0.0, 1.0],
                [1.0, 0.0, 0.0, -0.0, -0.0, 0.999918, -0.012824, 0.3, -0.0, 0.012824, 0.999918, -0.0, 0.0, 0.0, 0.0, 1.0],
                [1.0, 0.0, 0.0, -0.0, -0.0, 0.887528, -0.460754, 0.3, -0.0, 0.460754, 0.887528, -0.0, 0.0, 0.0, 0.0, 1.0],
                [1.0, 0.0, 0.0, -0.0, -0.0, 0.992531, -0.121997, 0.3, -0.0, 0.121997, 0.99253, -0.0, 0.0, 0.0, 0.0, 1.0]
            ]
        },
        {
            "name": "Tool_L",
            "time": [0.0, 0.2083, 0.7083, 1.6667],
            "transform": [
                [0.994814, 0.089988, 0.047404, 0.11114, 0.08898, -0.995768, 0.022975, 0.283779, 0.049243, -0.018637, -0.998024, 0.025859, 0.0, 0.0, 0.0, 1.0],
                [0.994814, 0.089988, 0.047404, 0.11114, 0.08898, -0.995768, 0.022975, 0.283779, 0.049243, -0.018637, -0.998024, 0.025859, 0.0, 0.0, 0.0, 1.0],
                [0.994814, 0.089988, 0.047404, 0.111141, 0.08898, -0.995768, 0.022975, 0.283779, 0.049243, -0.018637, -0.998024, 0.025859, 0.0, 0.0, 0.0, 1.0],
                [0.994814, 0.089988, 0.047404, 0.11114, 0.08898, -0.995768, 0.022975, 0.283779, 0.049243, -0.018637, -0.998024, 0.025859, 0.0, 0.0, 0.0, 1.0]
            ]
        },
        {
            "name": "Elbow_L",
            "time": [0.0, 0.2083, 0.7083, 1.6667],
            "transform": [
                [-1.0, 0.0, -0.0, -0.0, -0.0, -0.0, -1.0, 0.321785, -0.0, -1.0, -0.0, -0.0, 0.0, 0.0, 0.0, 1.0],
                [-1.0, 0.0, -0.0, -0.0, -0.0, -0.0, -1.0, 0.321785, -0.0, -1.0, -0.0, 0.0, 0.0, 0.0, 0.0, 1.0],
                [-1.0, 0.0, -0.0, 0.0, 0.0, -0.0, -1.0, 0.355197, -0.0, -1.0, -0.0, 0.0, 0.0, 0.0, 0.0, 1.0],
                [-1.0, 0.0, -0.0, -0.0, -0.0, -0.0, -1.0, 0.321785, -0.0, -1.0, -0.0, -0.0, 0.0, 0.0, 0.0, 1.0]
            ]
        }
    ]
}