{
    "animation": [
        {
            "name": "Root",
            "time": [0.5, 0.6667, 0.0, 0.75],
            "transform": [
                [1.0, 0.0, 0.0, -5e-06, 0.0, 0.0, -1.0, 0.000946, 0.0, 1.0, 0.0, 0.763972, 0.0, 0.0, 0.0, 1.0],
                [1.0, 0.0, 0.0, -5e-06, 0.0, 0.0, -1.0, 0.000946, 0.0, 1.0, 0.0, 0.763972, 0.0, 0.0, 0.0, 1.0],
                [1.0, 0.0, 0.0, -5e-06, 0.0, 0.0, -1.0, 0.000946, 0.0, 1.0, 0.0, 0.763972, 0.0, 0.0, 0.0, 1.0],
                [1.0, 0.0, 0.0, -5e-06, 0.0, 0.0, -1.0, 0.000946, 0.0, 1.0, 0.0, 0.763972, 0.0, 0.0, 0.0, 1.0]
            ]
        },
        {
            "name": "Thigh_R",
            "time": [0.0, 0.5, 0.6667, 0.75],
            "transform": [
                [0.719682, 0.496392, 0.48544, 0.124994, 0.210241, -0.822154, 0.529018, -0.002831, 0.661707, -0.278664, -0.696053, -1.2e-05, 0.0, 0.0, 0.0, 1.0],
                [0.719682, 0.496392, 0.48544, 0.124994, 0.210241, -0.822154, 0.529018, -0.002831, 0.661707, -0.278664, -0.696053, -1.2e-05, 0.0, 0.0, 0.0, 1.0],
                [0.719682, 0.496392, 0.48544, 0.124994, 0.210241, -0.822154, 0.529018, -0.002831, 0.661707, -0.278664, -0.696053, -1.2e-05, 0.0, 0.0, 0.0, 1.0],
                [0.719682, 0.496392, 0.48544, 0.124994, 0.210241, -0.822154, 0.529018, -0.002831, 0.661707, -0.278664, -0.696053, -1.2e-05, 0.0, 0.0, 0.0, 1.0]
            ]
        },
        {
            "name": "Leg_R",
            "time": [0.0, 0.5, 0.6667, 0.75],
            "transform": [
                [1.0, -0.0, 1e-06, -0.0, -0.0, 0.953785, 0.300493, 0.37472, -1e-06, -0.300493, 0.953783, 0.0, 0.0, 0.0, 0.0, 1.0],
                [1.0, -0.0, 1e-06, -0.0, -0.0, 0.862475, 0.5061, 0.37472, -1e-06, -0.506101, 0.862474, 0.0, 0.0, 0.0, 0.0, 1.0],
                [1.0, -0.0, 1e-06, -0.0, -0.0, 0.862475, 0.5061, 0.37472, -1e-06, -0.506101, 0.862474, 0.0, 0.0, 0.0, 0.0, 1.0],
                [1.0, -0.0, 1e-06, -0.0, -0.0, 0.862475, 0.5061, 0.37472, -1e-06, -0.506101, 0.862474, 0.0, 0.0, 0.0, 0.0, 1.0]
            ]
        },
        {
            "name": "Knee_R",
            "time": [0.5, 0.6667, 0.0, 0.75],
            "transform": [
                [1.0, -0.0, -0.0, -0.0, -0.0, 1e-06, -1.0, 0.37472, -0.0, 1.0, 1e-06, 0.0, 0.0, 0.0, 0.0, 1.0],
                [1.0, -0.0, -0.0, -0.0, -0.0, 1e-06, -1.0, 0.375462, -0.0, 1.0, 1e-06, 0.0, 0.0, 0.0, 0.0, 1.0],
                [1.0, -0.0, -0.0, -0.0, -0.0, 1e-06, -1.0, 0.375462, -0.0, 1.0, 1e-06, 0.0, 0.0, 0.0, 0.0, 1.0],
                [1.0, -0.0, -0.0, -0.0, -0.0, 1e-06, -1.0, 0.375462, -0.0, 1.0, 1e-06, 0.0, 0.0, 0.0, 0.0, 1.0]
            ]
        },
        {
            "name": "Thigh_L",
            "time": [0.0, 0.5, 0.6667, 0.75],
            "transform": [
                [0.719681, -0.496393, -0.48544, -0.125006, -0.210241, -0.822154, 0.529017, -0.002831, -0.661707, -0.278664, -0.696053, -1.2e-05, 0.0, 0.0, 0.0, 1.0],
                [0.719681, -0.496393, -0.48544, -0.125006, -0.210241, -0.822154, 0.529017, -0.002831, -0.661707, -0.278664, -0.696053, -1.2e-05, 0.0, 0.0, 0.0, 1.0],
                [0.719681, -0.496393, -0.48544, -0.125006, -0.210241, -0.822154, 0.529017, -0.002831, -0.661707, -0.278664, -0.696053, -1.2e-05, 0.0, 0.0, 0.0, 1.0],
                [0.719681, -0.496393, -0.48544, -0.125006, -0.210241, -0.822154, 0.529017, -0.002831, -0.661707, -0.278664, -0.696053, -1.2e-05, 0.0, 0.0, 0.0, 1.0]
            ]
        },
        {
            "name": "Leg_L",
            "time": [0.0, 0.5, 0.6667, 0.75],
            "transform": [
                [1.0, 0.0, 1e-06, 0.0, -0.0, 0.953785, 0.300493, 0.37472, -1e-06, -0.300493, 0.953784, 0.0, 0.0, 0.0, 0.0, 1.0],
                [1.0, -0.0, 1e-06, 0.0, -0.0, 0.862475, 0.5061, 0.37472, -1e-06, -0.506101, 0.862474, 0.0, 0.0, 0.0, 0.0, 1.0],
                [1.0, -0.0, 1e-06, 0.0, -0.0, 0.862475, 0.5061, 0.37472, -1e-06, -0.506101, 0.862474, 0.0, 0.0, 0.0, 0.0, 1.0],
                [1.0, -0.0, 1e-06, 0.0, -0.0, 0.862475, 0.5061, 0.37472, -1e-06, -0.506101, 0.862474, 0.0, 0.0, 0.0, 0.0, 1.0]
            ]
        },
        {
            "name": "Knee_L",
            "time": [0.5, 0.6667, 0.0, 0.75],
            "transform": [
                [1.0, 0.0, -0.0, 0.0, -0.0, 1e-06, -1.0, 0.37472, -0.0, 1.0, 1e-06, 0.0, 0.0, 0.0, 0.0, 1.0],
                [1.0, 0.0, -0.0, 0.0, -0.0, 1e-06, -1.0, 0.375462, -0.0, 1.0, 1e-06, 0.0, 0.0, 0.0, 0.0, 1.0],
                [1.0, 0.0, -0.0, 0.0, -0.0, 1e-06, -1.0, 0.375462, -0.0, 1.0, 1e-06, 0.0, 0.0, 0.0, 0.0, 1.0],
                [1.0, 0.0, -0.0, 0.0, -0.0, 1e-06, -1.0, 0.375462, -0.0, 1.0, 1e-06, 0.0, 0.0, 0.0, 0.0, 1.0]
            ]
        },
        {
            "name": "Torso",
            "time": [0.5, 0.6667, 0.0, 0.75],
            "transform": [
                [1.0, 0.0, 0.0, 0.0, 0.0, 1.0, 0.0, 0.05, 0.0, 0.0, 1.0, 0.0, 0.0, 0.0, 0.0, 1.0],
                [1.0, 0.0, 0.0, 0.0, 0.0, 1.0, 0.0, 0.05, 0.0, 0.0, 1.0, 0.0, 0.0, 0.0, 0.0, 1.0],
                [1.0, 0.0, 0.0, 0.0, 0.0, 1.0, 0.0, 0.05, 0.0, 0.0, 1.0, 0.0, 0.0, 0.0, 0.0, 1.0],
                [1.0, 0.0, 0.0, 0.0, 0.0, 1.0, 0.0, 0.05, 0.0, 0.0, 1.0, 0.0, 0.0, 0.0, 0.0, 1.0]
            ]
        },
        {
            "name": "Chest",
            "time": [0.0, 0.5, 0.6667, 0.75],
            "transform": [
                [1.0, 0.0, 0.0, 0.0, 0.0, 0.94478, -0.327705, 0.3, 0.0, 0.327705, 0.94478, 0.0, 0.0, 0.0, 0.0, 1.0],
                [1.0, 0.0, 0.0, 0.0, 0.0, 0.913377, 0.407115, 0.3, 0.0, -0.407115, 0.913377, 0.0, 0.0, 0.0, 0.0, 1.0],
                [1.0, 0.0, 0.0, 0.0, 0.0, 0.913377, 0.407115, 0.3, 0.0, -0.407115, 0.913377, 0.0, 0.0, 0.0, 0.0, 1.0],
                [1.0, 0.0, 0.0, 0.0, 0.0, 0.913377, 0.407115, 0.3, 0.0, -0.407115, 0.913377, 0.0, 0.0, 0.0, 0.0, 1.0]
            ]
        },
        {
            "name": "Head",
            "time": [0.0, 0.25, 0.5, 0.6667, 0.75],
            "transform": [
                [1.0, 0.0, 0.0, 0.0, 0.0, 0.856076, -0.516849, 0.4, 0.0, 0.516849, 0.856076, 0.0, 0.0, 0.0, 0.0, 1.0],
                [1.0, 0.0, 0.0, 0.0, 0.0, 0.446401, 0.894833, 0.4, 0.0, -0.894833, 0.446401, -0.0, 0.0, 0.0, 0.0, 1.0],
                [1.0, 0.0, 0.0, 0.0, 0.0, 0.795997, 0.605301, 0.4, 0.0, -0.605301, 0.795997, 0.0, 0.0, 0.0, 0.0, 1.0],
                [1.0, 0.0, 0.0, 0.0, 0.0, 0.92816, -0.372182, 0.4, 0.0, 0.372182, 0.92816, 0.0, 0.0, 0.0, 0.0, 1.0],
                [1.0, 0.0, 0.0, 0.0, 0.0, 0.92816, -0.372182, 0.4, 0.0, 0.372182, 0.92816, 0.0, 0.0, 0.0, 0.0, 1.0]
            ]
        },
        {
            "name": "Shoulder_R",
            "time": [0.5, 0.6667, 0.0, 0.75],
            "transform": [
                [0.0, 0.952114, 0.305743, 0.0, 0.0, -0.305743, 0.952114, 0.4, 1.0, 0.0, -0.0, 0.0, 0.0, 0.0, 0.0, 1.0],
                [0.0, 0.952114, 0.305743, 0.0, 0.0, -0.305743, 0.952114, 0.4, 1.0, 0.0, -0.0, 0.0, 0.0, 0.0, 0.0, 1.0],
                [0.0, 0.952114, 0.305743, 0.0, 0.0, -0.305743, 0.952114, 0.4, 1.0, 0.0, -0.0, 0.0, 0.0, 0.0, 0.0, 1.0],
                [0.0, 0.952114, 0.305743, 0.0, 0.0, -0.305743, 0.952114, 0.4, 1.0, 0.0, -0.0, 0.0, 0.0, 0.0, 0.0, 1.0]
            ]
        },
        {
            "name": "Arm_R",
            "time": [0.0, 0.0833, 0.1, 0.4167, 0.5, 0.6667, 0.75],
            "transform": [
                [0.47064, -0.775902, 0.420089, -0.0, 0.881821, 0.397546, -0.25367, 0.39386, 0.029818, 0.489831, 0.871308, 0.0, 0.0, 0.0, 0.0, 1.0],
                [0.467822, -0.779807, 0.415985, 0.0, 0.88325, 0.42943, -0.188304, 0.393861, -0.031796, 0.455511, 0.889662, -0.0, 0.0, 0.0, 0.0, 1.0],
                [0.47064, -0.775902, 0.420089, 0.0, 0.881821, 0.397546, -0.25367, 0.393861, 0.029818, 0.489831, 0.871308, -0.0, 0.0, 0.0, 0.0, 1.0],
                [0.484026, -0.756956, -0.439018, -0.0, 0.742918, 0.620575, -0.250916, 0.393861, 0.462376, -0.204704, 0.862731, 0.0, 0.0, 0.0, 0.0, 1.0],
                [0.061375, -0.069174, -0.995715, 0.0, -0.234932, 0.968566, -0.08177, 0.393861, 0.970072, 0.238944, 0.043195, 0.0, 0.0, 0.0, 0.0, 1.0],
                [0.061375, -0.069174, -0.995715, 0.0, -0.234932, 0.968566, -0.08177, 0.393861, 0.970072, 0.238944, 0.043195, 0.0, 0.0, 0.0, 0.0, 1.0],
                [0.061375, -0.069174, -0.995715, 0.0, -0.234932, 0.968566, -0.08177, 0.393861, 0.970072, 0.238944, 0.043195, 0.0, 0.0, 0.0, 0.0, 1.0]
            ]
        },
        {
            "name": "Hand_R",
            "time": [0.0, 0.0833, 0.1667, 0.2167, 0.4167, 0.5, 0.6667, 0.75],
            "transform": [
                [1.0, 0.0, 0.0, -0.0, -0.0, 0.81296, -0.58232, 0.3, -0.0, 0.58232, 0.81296, 0.0, 0.0, 0.0, 0.0, 1.0],
                [1.0, 0.0, 0.0, 0.0, -0.0, 0.799636, -0.600485, 0.3, -0.0, 0.600485, 0.799636, -0.0, 0.0, 0.0, 0.0, 1.0],
                [1.0, 0.0, 0.0, -0.0, -0.0, 0.625483, -0.780238, 0.3, -0.0, 0.780238, 0.625483, -0.0, 0.0, 0.0, 0.0, 1.0],
                [1.0, 0.0, 0.0, 0.0, -0.0, 0.799921, -0.600105, 0.3, -0.0, 0.600105, 0.799921, 0.0, 0.0, 0.0, 0.0, 1.0],
                [1.0, 0.0, 0.0, -0.0, 0.0, 0.688455, -0.725279, 0.3, -0.0, 0.725279, 0.688455, -0.0, 0.0, 0.0, 0.0, 1.0],
                [1.0, 0.0, 0.0, -0.0, -0.0, 0.999513, 0.031213, 0.3, -0.0, -0.031213, 0.999513, 0.0, 0.0, 0.0, 0.0, 1.0],
                [1.0, 0.0, 0.0, -0.0, -0.0, 0.999513, 0.031213, 0.3, -0.0, -0.031213, 0.999513, 0.0, 0.0, 0.0, 0.0, 1.0],
                [1.0, 0.0, 0.0, -0.0, -0.0, 0.978329, -0.207059, 0.3, -0.0, 0.207059, 0.978329, 0.0, 0.0, 0.0, 0.0, 1.0]
            ]
        },
        {
            "name": "Tool_R",
            "time": [0.5, 0.6667, 0.0, 0.75],
            "transform": [
                [1.0, 0.0, 0.0, -0.0, 0.0, -0.999836, 0.018122, 0.272858, 0.0, -0.018122, -0.999244, 0.0, 0.0, 0.0, 0.0, 1.0],
                [1.0, 0.0, 0.0, 0.0, 0.0, -0.999836, 0.018122, 0.272858, 0.0, -0.018122, -0.999244, 0.0, 0.0, 0.0, 0.0, 1.0],
                [1.0, 0.0, 0.0, 0.0, 0.0, -0.999836, 0.018122, 0.272858, 0.0, -0.018122, -0.999244, 0.0, 0.0, 0.0, 0.0, 1.0],
                [1.0, 0.0, 0.0, -0.0, 0.0, -0.999836, 0.018122, 0.272858, 0.0, -0.018122, -0.999244, -0.0, 0.0, 0.0, 0.0, 1.0]
            ]
        },
        {
            "name": "Elbow_R",
            "time": [0.5, 0.6667, 0.0, 0.75],
            "transform": [
                [-1.0, 0.0, 0.0, -0.0, 0.0, -0.0, -1.0, 0.368573, -0.0, -1.0, 0.0, 0.0, 0.0, 0.0, 0.0, 1.0],
                [-1.0, 0.0, -0.0, -0.0, 0.0, -0.0, -1.0, 0.307399, -0.0, -1.0, 0.0, 0.0, 0.0, 0.0, 0.0, 1.0],
                [-1.0, 0.0, -0.0, -0.0, 0.0, -0.0, -1.0, 0.307399, -0.0, -1.0, 0.0, 0.0, 0.0, 0.0, 0.0, 1.0],
                [-1.0, 0.0, -0.0, -0.0, 0.0, -0.0, -1.0, 0.329869, -0.0, -1.0, 0.0, 0.0, 0.0, 0.0, 0.0, 1.0]
            ]
        },
        {
            "name": "Shoulder_L",
            "time": [0.5, 0.6667, 0.0, 0.75],
            "transform": [
                [-0.0, -0.952114, -0.305743, 0.0, 0.0, -0.305743, 0.952114, 0.4, -1.0, 0.0, 0.0, 0.0, 0.0, 0.0, 0.0, 1.0],
                [-0.0, -0.952114, -0.305743, 0.0, 0.0, -0.305743, 0.952114, 0.4, -1.0, 0.0, 0.0, 0.0, 0.0, 0.0, 0.0, 1.0],
                [-0.0, -0.952114, -0.305743, 0.0, 0.0, -0.305743, 0.952114, 0.4, -1.0, 0.0, 0.0, 0.0, 0.0, 0.0, 0.0, 1.0],
                [-0.0, -0.952114, -0.305743, 0.0, 0.0, -0.305743, 0.952114, 0.4, -1.0, 0.0, 0.0, 0.0, 0.0, 0.0, 0.0, 1.0]
            ]
        },
        {
            "name": "Arm_L",
            "time": [0.0, 0.4167, 0.5, 0.6667, 0.75],
            "transform": [
                [0.47064, 0.775902, -0.420089, 0.0, -0.881822, 0.397546, -0.25367, 0.39386, -0.029818, 0.48983, 0.871307, -0.0, 0.0, 0.0, 0.0, 1.0],
                [0.484026, 0.756956, 0.439018, 0.0, -0.742918, 0.620575, -0.250916, 0.39386, -0.462376, -0.204704, 0.862731, 0.0, 0.0, 0.0, 0.0, 1.0],
                [0.061375, 0.069175, 0.995715, 0.0, 0.234932, 0.968566, -0.08177, 0.39386, -0.970072, 0.238944, 0.043195, -0.0, 0.0, 0.0, 0.0, 1.0],
                [0.061375, 0.069175, 0.995715, 0.0, 0.234932, 0.968566, -0.08177, 0.39386, -0.970072, 0.238944, 0.043195, -0.0, 0.0, 0.0, 0.0, 1.0],
                [0.061375, 0.069175, 0.995715, 0.0, 0.234932, 0.968566, -0.08177, 0.39386, -0.970072, 0.238944, 0.043195, -0.0, 0.0, 0.0, 0.0, 1.0]
            ]
        },
        {
            "name": "Hand_L",
            "time": [0.0, 0.0833, 0.1667, 0.2167, 0.4167, 0.5, 0.6667, 0.75],
            "transform": [
                [1.0, 0.0, 0.0, -0.0, -0.0, 0.81296, -0.58232, 0.3, -0.0, 0.58232, 0.81296, -0.0, 0.0, 0.0, 0.0, 1.0],
                [1.0, 0.0, 0.0, 0.0, 0.0, 0.799637, -0.600485, 0.3, -0.0, 0.600485, 0.799636, -0.0, 0.0, 0.0, 0.0, 1.0],
                [1.0, 0.0, 0.0, -0.0, -0.0, 0.625882, -0.779918, 0.3, -0.0, 0.779918, 0.625882, 0.0, 0.0, 0.0, 0.0, 1.0],
                [1.0, 0.0, -0.0, 0.0, -0.0, 0.799921, -0.600105, 0.3, -0.0, 0.600105, 0.799921, -0.0, 0.0, 0.0, 0.0, 1.0],
                [1.0, 0.0, 0.0, 0.0, 0.0, 0.688455, -0.725279, 0.3, -0.0, 0.725279, 0.688456, 0.0, 0.0, 0.0, 0.0, 1.0],
                [1.0, 0.0, 0.0, -0.0, -0.0, 0.999513, 0.031213, 0.3, -0.0, -0.031213, 0.999513, -0.0, 0.0, 0.0, 0.0, 1.0],
                [1.0, 0.0, 0.0, -0.0, -0.0, 0.999513, 0.031213, 0.3, -0.0, -0.031213, 0.999513, -0.0, 0.0, 0.0, 0.0, 1.0],
                [1.0, 0.0, 0.0, -0.0, -0.0, 0.978329, -0.207059, 0.3, -0.0, 0.207059, 0.978329, -0.0, 0.0, 0.0, 0.0, 1.0]
            ]
        },
        {
            "name": "Tool_L",
            "time": [0.5, 0.6667, 0.0, 0.75],
            "transform": [
                [1.0, -0.0, 0.0, 0.0, 0.0, -0.999836, 0.018122, 0.272858, 0.0, -0.018122, -0.999248, -0.0, 0.0, 0.0, 0.0, 1.0],
                [1.0, 0.0, 0.0, 0.0, 0.0, -0.999836, 0.018122, 0.272858, 0.0, -0.018122, -0.999248, -0.0, 0.0, 0.0, 0.0, 1.0],
                [1.0, 0.0, 0.0, 0.0, 0.0, -0.999836, 0.018122, 0.272858, 0.0, -0.018122, -0.999248, -0.0, 0.0, 0.0, 0.0, 1.0],
                [1.0, 0.0, 0.0, -0.0, 0.0, -0.999836, 0.018122, 0.272858, 0.0, -0.018122, -0.999248, 0.0, 0.0, 0.0, 0.0, 1.0]
            ]
        },
        {
            "name": "Elbow_L",
            "time": [0.5, 0.6667, 0.0, 0.75],
            "transform": [
                [-1.0, 0.0, -0.0, 0.0, 0.0, -0.0, -1.0, 0.368573, -0.0, -1.0, -0.0, 0.0, 0.0, 0.0, 0.0, 1.0],
                [-1.0, 0.0, -0.0, 0.0, 0.0, -0.0, -1.0, 0.307399, -0.0, -1.0, -0.0, 0.0, 0.0, 0.0, 0.0, 1.0],
                [-1.0, 0.0, -0.0, 0.0, 0.0, -0.0, -1.0, 0.307399, -0.0, -1.0, -0.0, 0.0, 0.0, 0.0, 0.0, 1.0],
                [-1.0, 0.0, -0.0, 0.0, 0.0, -0.0, -1.0, 0.329869, -0.0, -1.0, -0.0, 0.0, 0.0, 0.0, 0.0, 1.0]
            ]
        }
    ]
}