{
    "animation": [
        {
            "name": "Root",
            "time": [0.0, 0.8333, 1.4167, 1.8333, 2.6667, 2.7083, 2.875, 2.9167, 3.1667, 3.3333, 3.9167, 4.75, 5.0],
            "transform": [
                [1.0, 0.0, 0.0, -5e-06, 0.0, 0.0, -1.0, 0.000946, 0.0, 1.0, 0.0, 0.763972, 0.0, 0.0, 0.0, 1.0],
                [1.0, 0.0, 0.0, -5e-06, 0.0, 0.0, -1.0, 0.000946, 0.0, 1.0, 0.0, 0.763972, 0.0, 0.0, 0.0, 1.0],
                [1.0, 0.0, 0.0, -5e-06, 0.0, 0.0, -1.0, 0.000946, 0.0, 1.0, 0.0, 0.763972, 0.0, 0.0, 0.0, 1.0],
                [1.0, 0.0, 0.0, -5e-06, 0.0, 0.0, -1.0, 0.000946, 0.0, 1.0, 0.0, 0.763972, 0.0, 0.0, 0.0, 1.0],
                [1.0, 0.0, 0.0, -5e-06, 0.0, 0.0, -1.0, 0.000946, 0.0, 1.0, 0.0, 0.763972, 0.0, 0.0, 0.0, 1.0],
                [1.0, 0.0, 0.0, -5e-06, 0.0, 0.0, -1.0, 0.000946, 0.0, 1.0, 0.0, 0.763972, 0.0, 0.0, 0.0, 1.0],
                [1.0, 0.0, 0.0, -5e-06, 0.0, 0.0, -1.0, 0.000946, 0.0, 1.0, 0.0, 0.763972, 0.0, 0.0, 0.0, 1.0],
                [1.0, 0.0, 0.0, -5e-06, 0.0, 0.0, -1.0, 0.000946, 0.0, 1.0, 0.0, 0.763972, 0.0, 0.0, 0.0, 1.0],
                [1.0, 0.0, 0.0, -5e-06, 0.0, 0.0, -1.0, 0.000946, 0.0, 1.0, 0.0, 0.763972, 0.0, 0.0, 0.0, 1.0],
                [1.0, 0.0, 0.0, -5e-06, 0.0, 0.0, -1.0, 0.000946, 0.0, 1.0, 0.0, 0.763972, 0.0, 0.0, 0.0, 1.0],
                [1.0, 0.0, 0.0, -5e-06, 0.0, 0.0, -1.0, 0.000946, 0.0, 1.0, 0.0, 0.763972, 0.0, 0.0, 0.0, 1.0],
                [1.0, 0.0, 0.0, -5e-06, 0.0, 0.0, -1.0, 0.000946, 0.0, 1.0, 0.0, 0.763972, 0.0, 0.0, 0.0, 1.0],
                [1.0, 0.0, 0.0, -5e-06, 0.0, 0.0, -1.0, 0.000946, 0.0, 1.0, 0.0, 0.763972, 0.0, 0.0, 0.0, 1.0]
            ]
        },
        {
            "name": "Thigh_R",
            "time": [0.0, 5.0],
            "transform": [
                [0.725117, 0.236463, 0.646753, 0.124994, 0.336565, -0.94107, -0.033274, -0.002831, 0.600773, 0.241802, -0.761974, 0.089933, 0.0, 0.0, 0.0, 1.0],
                [0.725117, 0.236463, 0.646753, 0.124994, 0.336565, -0.94107, -0.033274, -0.002831, 0.600773, 0.241802, -0.761974, 0.089933, 0.0, 0.0, 0.0, 1.0]
            ]
        },
        {
            "name": "Leg_R",
            "time": [0.0, 5.0],
            "transform": [
                [1.0, 0.0, 1e-06, 0.0, -0.0, 0.983209, 0.182489, 0.37472, -1e-06, -0.182489, 0.983207, 0.0, 0.0, 0.0, 0.0, 1.0],
                [1.0, 0.0, 1e-06, 0.0, -0.0, 0.983209, 0.182489, 0.37472, -1e-06, -0.182489, 0.983207, 0.0, 0.0, 0.0, 0.0, 1.0]
            ]
        },
        {
            "name": "Knee_R",
            "time": [0.0, 0.8333, 1.4167, 1.8333, 2.6667, 2.7083, 2.875, 2.9167, 3.1667, 3.3333, 3.9167, 4.75, 5.0],
            "transform": [
                [1.0, 0.0, -0.0, 0.0, -0.0, 1e-06, -1.0, 0.37472, -0.0, 1.0, 1e-06, 0.0, 0.0, 0.0, 0.0, 1.0],
                [1.0, 0.0, -0.0, 0.0, -0.0, 1e-06, -1.0, 0.37472, -0.0, 1.0, 1e-06, 0.0, 0.0, 0.0, 0.0, 1.0],
                [1.0, 0.0, -0.0, 0.0, -0.0, 1e-06, -1.0, 0.37472, -0.0, 1.0, 1e-06, 0.0, 0.0, 0.0, 0.0, 1.0],
                [1.0, 0.0, -0.0, 0.0, -0.0, 1e-06, -1.0, 0.37472, -0.0, 1.0, 1e-06, 0.0, 0.0, 0.0, 0.0, 1.0],
                [1.0, 0.0, -0.0, 0.0, -0.0, 1e-06, -1.0, 0.37472, -0.0, 1.0, 1e-06, 0.0, 0.0, 0.0, 0.0, 1.0],
                [1.0, 0.0, -0.0, 0.0, -0.0, 1e-06, -1.0, 0.37472, -0.0, 1.0, 1e-06, 0.0, 0.0, 0.0, 0.0, 1.0],
                [1.0, 0.0, -0.0, 0.0, -0.0, 1e-06, -1.0, 0.37472, -0.0, 1.0, 1e-06, 0.0, 0.0, 0.0, 0.0, 1.0],
                [1.0, 0.0, -0.0, 0.0, -0.0, 1e-06, -1.0, 0.37472, -0.0, 1.0, 1e-06, 0.0, 0.0, 0.0, 0.0, 1.0],
                [1.0, 0.0, -0.0, 0.0, -0.0, 1e-06, -1.0, 0.37472, -0.0, 1.0, 1e-06, 0.0, 0.0, 0.0, 0.0, 1.0],
                [1.0, 0.0, -0.0, 0.0, -0.0, 1e-06, -1.0, 0.37472, -0.0, 1.0, 1e-06, 0.0, 0.0, 0.0, 0.0, 1.0],
                [1.0, 0.0, -0.0, 0.0, -0.0, 1e-06, -1.0, 0.37472, -0.0, 1.0, 1e-06, 0.0, 0.0, 0.0, 0.0, 1.0],
                [1.0, 0.0, -0.0, 0.0, -0.0, 1e-06, -1.0, 0.37472, -0.0, 1.0, 1e-06, 0.0, 0.0, 0.0, 0.0, 1.0],
                [1.0, 0.0, -0.0, 0.0, -0.0, 1e-06, -1.0, 0.37472, -0.0, 1.0, 1e-06, 0.0, 0.0, 0.0, 0.0, 1.0]
            ]
        },
        {
            "name": "Thigh_L",
            "time": [0.0, 5.0],
            "transform": [
                [0.966843, -0.145234, -0.210048, -0.125006, 0.0, -0.822529, 0.568722, -0.002831, -0.255369, -0.549865, -0.795257, -1.2e-05, 0.0, 0.0, 0.0, 1.0],
                [0.966843, -0.145234, -0.210048, -0.125006, 0.0, -0.822529, 0.568722, -0.002831, -0.255369, -0.549865, -0.795257, -1.2e-05, 0.0, 0.0, 0.0, 1.0]
            ]
        },
        {
            "name": "Leg_L",
            "time": [0.0, 5.0],
            "transform": [
                [1.0, -0.0, 1e-06, -0.0, -0.0, 0.797541, 0.603265, 0.37472, -1e-06, -0.603264, 0.797542, -0.0, 0.0, 0.0, 0.0, 1.0],
                [1.0, -0.0, 1e-06, -0.0, -0.0, 0.797541, 0.603265, 0.37472, -1e-06, -0.603264, 0.797542, -0.0, 0.0, 0.0, 0.0, 1.0]
            ]
        },
        {
            "name": "Knee_L",
            "time": [0.0, 0.8333, 1.4167, 1.8333, 2.6667, 2.7083, 2.875, 2.9167, 3.1667, 3.3333, 3.9167, 4.75, 5.0],
            "transform": [
                [1.0, 0.0, -0.0, -0.0, -0.0, 1e-06, -1.0, 0.387744, -0.0, 1.0, 1e-06, -0.0, 0.0, 0.0, 0.0, 1.0],
                [1.0, 0.0, -0.0, -0.0, -0.0, 1e-06, -1.0, 0.387744, -0.0, 1.0, 1e-06, -0.0, 0.0, 0.0, 0.0, 1.0],
                [1.0, 0.0, -0.0, -0.0, -0.0, 1e-06, -1.0, 0.387744, -0.0, 1.0, 1e-06, -0.0, 0.0, 0.0, 0.0, 1.0],
                [1.0, 0.0, -0.0, -0.0, -0.0, 1e-06, -1.0, 0.387744, -0.0, 1.0, 1e-06, -0.0, 0.0, 0.0, 0.0, 1.0],
                [1.0, 0.0, -0.0, -0.0, -0.0, 1e-06, -1.0, 0.387744, -0.0, 1.0, 1e-06, -0.0, 0.0, 0.0, 0.0, 1.0],
                [1.0, 0.0, -0.0, -0.0, -0.0, 1e-06, -1.0, 0.387744, -0.0, 1.0, 1e-06, -0.0, 0.0, 0.0, 0.0, 1.0],
                [1.0, 0.0, -0.0, -0.0, -0.0, 1e-06, -1.0, 0.387744, -0.0, 1.0, 1e-06, -0.0, 0.0, 0.0, 0.0, 1.0],
                [1.0, 0.0, -0.0, -0.0, -0.0, 1e-06, -1.0, 0.387744, -0.0, 1.0, 1e-06, -0.0, 0.0, 0.0, 0.0, 1.0],
                [1.0, 0.0, -0.0, -0.0, -0.0, 1e-06, -1.0, 0.387744, -0.0, 1.0, 1e-06, -0.0, 0.0, 0.0, 0.0, 1.0],
                [1.0, 0.0, -0.0, -0.0, -0.0, 1e-06, -1.0, 0.387744, -0.0, 1.0, 1e-06, -0.0, 0.0, 0.0, 0.0, 1.0],
                [1.0, 0.0, -0.0, -0.0, -0.0, 1e-06, -1.0, 0.387744, -0.0, 1.0, 1e-06, -0.0, 0.0, 0.0, 0.0, 1.0],
                [1.0, 0.0, -0.0, -0.0, -0.0, 1e-06, -1.0, 0.387744, -0.0, 1.0, 1e-06, -0.0, 0.0, 0.0, 0.0, 1.0],
                [1.0, 0.0, -0.0, -0.0, -0.0, 1e-06, -1.0, 0.387744, -0.0, 1.0, 1e-06, -0.0, 0.0, 0.0, 0.0, 1.0]
            ]
        },
        {
            "name": "Torso",
            "time": [0.0, 0.8333, 1.4167, 1.8333, 2.6667, 2.7083, 2.875, 2.9167, 3.1667, 3.3333, 3.9167, 4.75, 5.0],
            "transform": [
                [0.661801, 0.0, -0.749679, 0.0, 0.0, 1.0, 0.0, 0.05, 0.749679, 0.0, 0.661801, 0.0, 0.0, 0.0, 0.0, 1.0],
                [0.661801, 0.0, -0.749679, 0.0, 0.0, 1.0, 0.0, 0.05, 0.749679, 0.0, 0.661801, 0.0, 0.0, 0.0, 0.0, 1.0],
                [0.661801, 0.0, -0.749679, 0.0, 0.0, 1.0, 0.0, 0.05, 0.749679, 0.0, 0.661801, 0.0, 0.0, 0.0, 0.0, 1.0],
                [0.661801, 0.0, -0.749679, 0.0, 0.0, 1.0, 0.0, 0.05, 0.749679, 0.0, 0.661801, 0.0, 0.0, 0.0, 0.0, 1.0],
                [0.661801, 0.0, -0.749679, 0.0, 0.0, 1.0, 0.0, 0.05, 0.749679, 0.0, 0.661801, 0.0, 0.0, 0.0, 0.0, 1.0],
                [0.661801, 0.0, -0.749679, 0.0, 0.0, 1.0, 0.0, 0.05, 0.749679, 0.0, 0.661801, 0.0, 0.0, 0.0, 0.0, 1.0],
                [0.661801, 0.0, -0.749679, 0.0, 0.0, 1.0, 0.0, 0.05, 0.749679, 0.0, 0.661801, 0.0, 0.0, 0.0, 0.0, 1.0],
                [0.661801, 0.0, -0.749679, 0.0, 0.0, 1.0, 0.0, 0.05, 0.749679, 0.0, 0.661801, 0.0, 0.0, 0.0, 0.0, 1.0],
                [0.661801, 0.0, -0.749679, 0.0, 0.0, 1.0, 0.0, 0.05, 0.749679, 0.0, 0.661801, 0.0, 0.0, 0.0, 0.0, 1.0],
                [0.661801, 0.0, -0.749679, 0.0, 0.0, 1.0, 0.0, 0.05, 0.749679, 0.0, 0.661801, 0.0, 0.0, 0.0, 0.0, 1.0],
                [0.661801, 0.0, -0.749679, 0.0, 0.0, 1.0, 0.0, 0.05, 0.749679, 0.0, 0.661801, 0.0, 0.0, 0.0, 0.0, 1.0],
                [0.661801, 0.0, -0.749679, 0.0, 0.0, 1.0, 0.0, 0.05, 0.749679, 0.0, 0.661801, 0.0, 0.0, 0.0, 0.0, 1.0],
                [0.661801, 0.0, -0.749679, 0.0, 0.0, 1.0, 0.0, 0.05, 0.749679, 0.0, 0.661801, 0.0, 0.0, 0.0, 0.0, 1.0]
            ]
        },
        {
            "name": "Chest",
            "time": [0.0, 0.8333, 1.4167, 1.8333, 2.6667, 2.7083, 2.875, 2.9167, 3.1667, 3.3333, 3.9167, 4.75, 5.0],
            "transform": [
                [0.693299, -0.154183, 0.703963, -0.0, 0.113651, 0.988013, 0.104467, 0.3, -0.711632, 0.007579, 0.702512, -0.0, 0.0, 0.0, 0.0, 1.0],
                [0.684507, -0.228568, 0.692248, -0.0, 0.117998, 0.971794, 0.20419, 0.3, -0.719393, -0.058086, 0.69217, -0.0, 0.0, 0.0, 0.0, 1.0],
                [0.679229, -0.271362, 0.681917, -0.0, 0.119983, 0.957692, 0.261593, 0.3, -0.724053, -0.095863, 0.683051, -0.0, 0.0, 0.0, 0.0, 1.0],
                [0.679229, -0.271362, 0.681917, -0.0, 0.119983, 0.957692, 0.261593, 0.3, -0.724053, -0.095863, 0.683051, -0.0, 0.0, 0.0, 0.0, 1.0],
                [0.695756, -0.132652, 0.705922, -0.0, 0.112187, 0.990806, 0.075613, 0.3, -0.709462, 0.026587, 0.704242, -0.0, 0.0, 0.0, 0.0, 1.0],
                [0.695756, -0.132652, 0.705922, -0.0, 0.112187, 0.990806, 0.075613, 0.3, -0.709462, 0.026587, 0.704242, -0.0, 0.0, 0.0, 0.0, 1.0],
                [0.680994, -0.2572, 0.685635, -0.0, 0.119369, 0.962756, 0.242595, 0.3, -0.722494, -0.083362, 0.686333, -0.0, 0.0, 0.0, 0.0, 1.0],
                [0.679229, -0.271362, 0.681917, -0.0, 0.119983, 0.957692, 0.261593, 0.3, -0.724053, -0.095863, 0.683051, -0.0, 0.0, 0.0, 0.0, 1.0],
                [0.679229, -0.271362, 0.681917, -0.0, 0.119983, 0.957692, 0.261593, 0.3, -0.724053, -0.095863, 0.683051, -0.0, 0.0, 0.0, 0.0, 1.0],
                [0.679229, -0.271362, 0.681917, -0.0, 0.119983, 0.957692, 0.261593, 0.3, -0.724053, -0.095863, 0.683051, -0.0, 0.0, 0.0, 0.0, 1.0],
                [0.684507, -0.228568, 0.692248, -0.0, 0.117998, 0.971794, 0.20419, 0.3, -0.719393, -0.058086, 0.69217, -0.0, 0.0, 0.0, 0.0, 1.0],
                [0.693299, -0.154183, 0.703963, -0.0, 0.113651, 0.988013, 0.104467, 0.3, -0.711632, 0.007579, 0.702512, -0.0, 0.0, 0.0, 0.0, 1.0],
                [0.693299, -0.154183, 0.703963, -0.0, 0.113651, 0.988013, 0.104467, 0.3, -0.711632, 0.007579, 0.702512, -0.0, 0.0, 0.0, 0.0, 1.0]
            ]
        },
        {
            "name": "Head",
            "time": [0.0, 0.8333, 1.4167, 1.8333, 2.6667, 2.7083, 2.875, 2.9167, 3.1667, 3.3333, 3.9167, 4.75, 5.0],
            "transform": [
                [0.992863, 0.101069, 0.063312, -0.0, -0.102184, 0.994658, 0.014611, 0.4, -0.061497, -0.020976, 0.997887, 0.0, 0.0, 0.0, 0.0, 1.0],
                [0.992863, 0.101069, 0.063312, -0.0, -0.102184, 0.994658, 0.014611, 0.4, -0.061497, -0.020976, 0.997887, -0.0, 0.0, 0.0, 0.0, 1.0],
                [0.992863, 0.101069, 0.063312, 0.0, -0.102184, 0.994658, 0.014611, 0.4, -0.061497, -0.020976, 0.997887, -0.0, 0.0, 0.0, 0.0, 1.0],
                [0.992863, 0.101069, 0.063312, 0.0, -0.102184, 0.994658, 0.014611, 0.4, -0.061497, -0.020976, 0.997887, -0.0, 0.0, 0.0, 0.0, 1.0],
                [0.992863, 0.101069, 0.063312, -0.0, -0.102184, 0.994658, 0.014611, 0.4, -0.061497, -0.020976, 0.997887, 0.0, 0.0, 0.0, 0.0, 1.0],
                [0.992863, 0.101069, 0.063312, -0.0, -0.102184, 0.994658, 0.014611, 0.4, -0.061497, -0.020976, 0.997887, 0.0, 0.0, 0.0, 0.0, 1.0],
                [0.992863, 0.101069, 0.063312, 0.0, -0.102184, 0.994658, 0.014611, 0.4, -0.061497, -0.020976, 0.997887, 0.0, 0.0, 0.0, 0.0, 1.0],
                [0.992863, 0.101069, 0.063312, 0.0, -0.102184, 0.994658, 0.014611, 0.4, -0.061497, -0.020976, 0.997887, -0.0, 0.0, 0.0, 0.0, 1.0],
                [0.992863, 0.101069, 0.063312, 0.0, -0.102184, 0.994658, 0.014611, 0.4, -0.061497, -0.020976, 0.997887, -0.0, 0.0, 0.0, 0.0, 1.0],
                [0.992863, 0.101069, 0.063312, 0.0, -0.102184, 0.994658, 0.014611, 0.4, -0.061497, -0.020976, 0.997887, -0.0, 0.0, 0.0, 0.0, 1.0],
                [0.992863, 0.101069, 0.063312, -0.0, -0.102184, 0.994658, 0.014611, 0.4, -0.061497, -0.020976, 0.997887, -0.0, 0.0, 0.0, 0.0, 1.0],
                [0.992863, 0.101069, 0.063312, -0.0, -0.102184, 0.994658, 0.014611, 0.4, -0.061497, -0.020976, 0.997887, 0.0, 0.0, 0.0, 0.0, 1.0],
                [0.992863, 0.101069, 0.063312, -0.0, -0.102184, 0.994658, 0.014611, 0.4, -0.061497, -0.020976, 0.997887, 0.0, 0.0, 0.0, 0.0, 1.0]
            ]
        },
        {
            "name": "Shoulder_R",
            "time": [0.0, 0.8333, 1.4167, 1.8333, 2.6667, 2.7083, 2.875, 2.9167, 3.1667, 3.3333, 3.9167, 4.75, 5.0],
            "transform": [
                [0.0, 0.952114, 0.305743, -0.0, 0.0, -0.305743, 0.952114, 0.4, 1.0, -0.0, -0.0, 0.0, 0.0, 0.0, 0.0, 1.0],
                [0.0, 0.952114, 0.305743, -0.0, 0.0, -0.305743, 0.952114, 0.4, 1.0, 0.0, -0.0, -0.0, 0.0, 0.0, 0.0, 1.0],
                [0.0, 0.952114, 0.305743, 0.0, 0.0, -0.305743, 0.952114, 0.4, 1.0, -0.0, -0.0, -0.0, 0.0, 0.0, 0.0, 1.0],
                [0.0, 0.952114, 0.305743, 0.0, 0.0, -0.305743, 0.952114, 0.4, 1.0, -0.0, -0.0, -0.0, 0.0, 0.0, 0.0, 1.0],
                [0.0, 0.952114, 0.305743, -0.0, 0.0, -0.305743, 0.952114, 0.4, 1.0, -0.0, -0.0, 0.0, 0.0, 0.0, 0.0, 1.0],
                [0.0, 0.952114, 0.305743, -0.0, 0.0, -0.305743, 0.952114, 0.4, 1.0, -0.0, -0.0, 0.0, 0.0, 0.0, 0.0, 1.0],
                [0.0, 0.952114, 0.305743, 0.0, 0.0, -0.305743, 0.952114, 0.4, 1.0, 0.0, -0.0, 0.0, 0.0, 0.0, 0.0, 1.0],
                [0.0, 0.952114, 0.305743, 0.0, 0.0, -0.305743, 0.952114, 0.4, 1.0, -0.0, -0.0, -0.0, 0.0, 0.0, 0.0, 1.0],
                [0.0, 0.952114, 0.305743, 0.0, 0.0, -0.305743, 0.952114, 0.4, 1.0, -0.0, -0.0, -0.0, 0.0, 0.0, 0.0, 1.0],
                [0.0, 0.952114, 0.305743, 0.0, 0.0, -0.305743, 0.952114, 0.4, 1.0, -0.0, -0.0, -0.0, 0.0, 0.0, 0.0, 1.0],
                [0.0, 0.952114, 0.305743, -0.0, 0.0, -0.305743, 0.952114, 0.4, 1.0, 0.0, -0.0, -0.0, 0.0, 0.0, 0.0, 1.0],
                [0.0, 0.952114, 0.305743, -0.0, 0.0, -0.305743, 0.952114, 0.4, 1.0, -0.0, -0.0, 0.0, 0.0, 0.0, 0.0, 1.0],
                [0.0, 0.952114, 0.305743, -0.0, 0.0, -0.305743, 0.952114, 0.4, 1.0, -0.0, -0.0, 0.0, 0.0, 0.0, 0.0, 1.0]
            ]
        },
        {
            "name": "Arm_R",
            "time": [0.0, 0.8333, 1.4167, 1.8333, 2.625, 2.6667, 2.7083, 2.8333, 2.875, 2.9167, 3.1667, 3.3333, 4.75, 5.0],
            "transform": [
                [0.350313, 0.200787, -0.914858, 0.0, 0.723217, 0.562686, 0.400426, 0.39386, 0.595178, -0.801915, 0.051904, -0.0, 0.0, 0.0, 0.0, 1.0],
                [0.476222, 0.282343, -0.832763, -0.0, 0.023839, 0.942555, 0.3332, 0.39386, 0.879002, -0.178529, 0.442135, -0.0, 0.0, 0.0, 0.0, 1.0],
                [0.350313, 0.200787, -0.914858, -0.0, 0.723217, 0.562686, 0.400426, 0.39386, 0.595178, -0.801915, 0.051904, -0.0, 0.0, 0.0, 0.0, 1.0],
                [0.538621, -0.439642, -0.718751, -0.0, 0.808414, 0.510021, 0.293847, 0.39386, 0.237391, -0.73932, 0.63012, -0.0, 0.0, 0.0, 0.0, 1.0],
                [0.517766, -0.290954, -0.804527, 0.0, 0.78694, 0.53089, 0.314454, 0.39386, 0.335624, -0.795928, 0.50384, -0.0, 0.0, 0.0, 0.0, 1.0],
                [0.538621, -0.439642, -0.718751, 0.0, 0.808414, 0.510021, 0.293847, 0.393861, 0.237391, -0.73932, 0.63012, -0.0, 0.0, 0.0, 0.0, 1.0],
                [0.538621, -0.439642, -0.718751, 0.0, 0.808414, 0.510021, 0.293847, 0.393861, 0.237391, -0.73932, 0.63012, -0.0, 0.0, 0.0, 0.0, 1.0],
                [0.613585, -0.405265, -0.677698, -0.0, 0.760411, 0.534565, 0.368803, 0.393861, 0.212811, -0.741621, 0.636169, 0.0, 0.0, 0.0, 0.0, 1.0],
                [0.538621, -0.439642, -0.718751, -0.0, 0.808414, 0.510021, 0.293847, 0.39386, 0.237391, -0.73932, 0.63012, 0.0, 0.0, 0.0, 0.0, 1.0],
                [0.538621, -0.439642, -0.718751, -0.0, 0.808414, 0.510021, 0.293847, 0.39386, 0.237391, -0.73932, 0.63012, -0.0, 0.0, 0.0, 0.0, 1.0],
                [0.446207, -0.044301, -0.893833, -0.0, 0.786977, 0.494974, 0.368331, 0.39386, 0.426107, -0.867777, 0.255725, -0.0, 0.0, 0.0, 0.0, 1.0],
                [0.350313, 0.200787, -0.914858, -0.0, 0.723217, 0.562686, 0.400426, 0.39386, 0.595178, -0.801915, 0.051904, -0.0, 0.0, 0.0, 0.0, 1.0],
                [0.350313, 0.200787, -0.914858, 0.0, 0.723217, 0.562686, 0.400426, 0.39386, 0.595178, -0.801915, 0.051904, -0.0, 0.0, 0.0, 0.0, 1.0],
                [0.350313, 0.200787, -0.914858, 0.0, 0.723217, 0.562686, 0.400426, 0.39386, 0.595178, -0.801915, 0.051904, -0.0, 0.0, 0.0, 0.0, 1.0]
            ]
        },
        {
            "name": "Hand_R",
            "time": [0.0, 0.8333, 1.4167, 1.8333, 2.6667, 2.7083, 2.875, 2.9167, 3.1667, 3.3333, 3.9167, 4.75, 5.0],
            "transform": [
                [1.0, -0.0, 0.0, 0.0, -0.0, 0.761786, -0.647829, 0.3, -0.0, 0.64783, 0.761786, -0.0, 0.0, 0.0, 0.0, 1.0],
                [1.0, 0.0, 0.0, -0.0, -0.0, 0.761786, -0.647829, 0.3, -0.0, 0.64783, 0.761785, -0.0, 0.0, 0.0, 0.0, 1.0],
                [1.0, 0.0, 0.0, -0.0, 0.0, 0.761786, -0.64783, 0.3, -0.0, 0.64783, 0.761786, -0.0, 0.0, 0.0, 0.0, 1.0],
                [1.0, 0.0, 0.0, 0.0, -0.0, 0.761786, -0.64783, 0.3, -0.0, 0.64783, 0.761786, -0.0, 0.0, 0.0, 0.0, 1.0],
                [1.0, 0.0, 0.0, -0.0, 0.0, 0.761786, -0.64783, 0.3, -0.0, 0.64783, 0.761786, 0.0, 0.0, 0.0, 0.0, 1.0],
                [1.0, 0.0, 0.0, -0.0, 0.0, 0.761786, -0.64783, 0.3, -0.0, 0.64783, 0.761786, 0.0, 0.0, 0.0, 0.0, 1.0],
                [1.0, 0.0, 0.0, -0.0, -0.0, 0.761786, -0.647829, 0.3, -0.0, 0.647829, 0.761786, -0.0, 0.0, 0.0, 0.0, 1.0],
                [1.0, 0.0, 0.0, 0.0, -0.0, 0.761786, -0.64783, 0.3, -0.0, 0.64783, 0.761786, -0.0, 0.0, 0.0, 0.0, 1.0],
                [1.0, 0.0, 0.0, -0.0, 0.0, 0.761786, -0.64783, 0.3, -0.0, 0.64783, 0.761786, 0.0, 0.0, 0.0, 0.0, 1.0],
                [1.0, 0.0, 0.0, -0.0, 0.0, 0.761786, -0.64783, 0.3, -0.0, 0.64783, 0.761786, -0.0, 0.0, 0.0, 0.0, 1.0],
                [1.0, 0.0, 0.0, -0.0, 0.0, 0.761786, -0.64783, 0.3, -0.0, 0.64783, 0.761786, -0.0, 0.0, 0.0, 0.0, 1.0],
                [1.0, -0.0, 0.0, 0.0, -0.0, 0.761786, -0.647829, 0.3, -0.0, 0.64783, 0.761786, -0.0, 0.0, 0.0, 0.0, 1.0],
                [1.0, 0.0, 0.0, 0.0, -0.0, 0.53777, -0.843092, 0.3, -0.0, 0.843092, 0.53777, -0.0, 0.0, 0.0, 0.0, 1.0]
            ]
        },
        {
            "name": "Tool_R",
            "time": [0.0, 0.8333, 1.4167, 1.8333, 2.6667, 2.7083, 2.875, 2.9167, 3.1667, 3.3333, 3.9167, 4.75, 5.0],
            "transform": [
                [0.860929, 0.49844, 0.101779, 0.060077, 0.507944, -0.853314, -0.117681, 0.476414, 0.028181, 0.152913, -0.987238, -0.10228, 0.0, 0.0, 0.0, 1.0],
                [0.301428, 0.951757, 0.057438, 0.005357, 0.9152, -0.271899, -0.297456, 0.390508, -0.26732, 0.142142, -0.952445, 0.001327, 0.0, 0.0, 0.0, 1.0],
                [0.860929, 0.49844, 0.101779, 0.060077, 0.507944, -0.853314, -0.117681, 0.476414, 0.028181, 0.152913, -0.987238, -0.10228, 0.0, 0.0, 0.0, 1.0],
                [0.860929, 0.49844, 0.101779, 0.060077, 0.507944, -0.853314, -0.117681, 0.476414, 0.028181, 0.152913, -0.987238, -0.10228, 0.0, 0.0, 0.0, 1.0],
                [0.860929, 0.49844, 0.101779, 0.060077, 0.507944, -0.853314, -0.117681, 0.476414, 0.028181, 0.152913, -0.987238, -0.10228, 0.0, 0.0, 0.0, 1.0],
                [0.860929, 0.49844, 0.101779, 0.060077, 0.507944, -0.853314, -0.117681, 0.476414, 0.028181, 0.152913, -0.987238, -0.10228, 0.0, 0.0, 0.0, 1.0],
                [0.860929, 0.49844, 0.101779, 0.060077, 0.507944, -0.853314, -0.117681, 0.476414, 0.028181, 0.152913, -0.987238, -0.10228, 0.0, 0.0, 0.0, 1.0],
                [0.860929, 0.49844, 0.101779, 0.060077, 0.507944, -0.853314, -0.117681, 0.476414, 0.028181, 0.152913, -0.987238, -0.10228, 0.0, 0.0, 0.0, 1.0],
                [0.860929, 0.49844, 0.101779, 0.060077, 0.507944, -0.853314, -0.117681, 0.476414, 0.028181, 0.152913, -0.987238, -0.10228, 0.0, 0.0, 0.0, 1.0],
                [0.860929, 0.49844, 0.101779, 0.060077, 0.507944, -0.853314, -0.117681, 0.476414, 0.028181, 0.152913, -0.987238, -0.10228, 0.0, 0.0, 0.0, 1.0],
                [0.301428, 0.951757, 0.057438, 0.005357, 0.9152, -0.271899, -0.297456, 0.390508, -0.267321, 0.142142, -0.952445, 0.001327, 0.0, 0.0, 0.0, 1.0],
                [0.860929, 0.49844, 0.101779, 0.060077, 0.507944, -0.853314, -0.117681, 0.476414, 0.028181, 0.152913, -0.987238, -0.10228, 0.0, 0.0, 0.0, 1.0],
                [0.717055, 0.696365, -0.03012, 0.060077, 0.675983, -0.705303, -0.213527, 0.476414, -0.169828, 0.132664, -0.975897, -0.10228, 0.0, 0.0, 0.0, 1.0]
            ]
        },
        {
            "name": "Elbow_R",
            "time": [0.0, 0.8333, 1.4167, 1.8333, 2.6667, 2.7083, 2.875, 2.9167, 3.1667, 3.3333, 3.9167, 4.75, 5.0],
            "transform": [
                [-1.0, 0.0, 0.0, 0.0, 0.0, -0.0, -1.0, 0.376365, -0.0, -1.0, 0.0, 0.0, 0.0, 0.0, 0.0, 1.0],
                [-1.0, 0.0, -0.0, 0.0, 0.0, -0.0, -1.0, 0.376365, -0.0, -1.0, -0.0, -0.0, 0.0, 0.0, 0.0, 1.0],
                [-1.0, 0.0, 0.0, -0.0, -0.0, -0.0, -1.0, 0.376365, -0.0, -1.0, 0.0, -0.0, 0.0, 0.0, 0.0, 1.0],
                [-1.0, 0.0, -0.0, -0.0, 0.0, -0.0, -1.0, 0.376365, -0.0, -1.0, 0.0, 0.0, 0.0, 0.0, 0.0, 1.0],
                [-1.0, 0.0, -0.0, -0.0, -0.0, -0.0, -1.0, 0.376365, -0.0, -1.0, 0.0, -0.0, 0.0, 0.0, 0.0, 1.0],
                [-1.0, 0.0, -0.0, -0.0, -0.0, -0.0, -1.0, 0.376365, -0.0, -1.0, 0.0, -0.0, 0.0, 0.0, 0.0, 1.0],
                [-1.0, 0.0, -0.0, -0.0, 0.0, -0.0, -1.0, 0.376365, -0.0, -1.0, 0.0, -0.0, 0.0, 0.0, 0.0, 1.0],
                [-1.0, 0.0, -0.0, -0.0, 0.0, -0.0, -1.0, 0.376365, -0.0, -1.0, 0.0, 0.0, 0.0, 0.0, 0.0, 1.0],
                [-1.0, 0.0, -0.0, -0.0, 0.0, -0.0, -1.0, 0.376365, -0.0, -1.0, 0.0, 0.0, 0.0, 0.0, 0.0, 1.0],
                [-1.0, 0.0, 0.0, -0.0, -0.0, -0.0, -1.0, 0.376365, -0.0, -1.0, 0.0, -0.0, 0.0, 0.0, 0.0, 1.0],
                [-1.0, 0.0, -0.0, -0.0, -0.0, -0.0, -1.0, 0.376365, -0.0, -1.0, 0.0, 0.0, 0.0, 0.0, 0.0, 1.0],
                [-1.0, 0.0, 0.0, 0.0, 0.0, -0.0, -1.0, 0.376365, -0.0, -1.0, 0.0, 0.0, 0.0, 0.0, 0.0, 1.0],
                [-1.0, 0.0, 0.0, 0.0, 0.0, -0.0, -1.0, 0.404317, -0.0, -1.0, 0.0, 0.0, 0.0, 0.0, 0.0, 1.0]
            ]
        },
        {
            "name": "Shoulder_L",
            "time": [0.0, 0.8333, 1.4167, 1.8333, 2.6667, 2.7083, 2.875, 2.9167, 3.1667, 3.3333, 3.9167, 4.75, 5.0],
            "transform": [
                [-0.245591, -0.901745, -0.355726, -0.0, 0.022333, -0.372131, 0.927912, 0.4, -0.969116, 0.219942, 0.11153, 0.0, 0.0, 0.0, 0.0, 1.0],
                [-0.245591, -0.901745, -0.355726, -0.0, 0.022333, -0.372131, 0.927912, 0.4, -0.969116, 0.219942, 0.11153, -0.0, 0.0, 0.0, 0.0, 1.0],
                [-0.245591, -0.901745, -0.355726, 0.0, 0.022333, -0.372131, 0.927912, 0.4, -0.969116, 0.219942, 0.11153, -0.0, 0.0, 0.0, 0.0, 1.0],
                [-0.245591, -0.901745, -0.355726, 0.0, 0.022333, -0.372131, 0.927912, 0.4, -0.969116, 0.219942, 0.11153, -0.0, 0.0, 0.0, 0.0, 1.0],
                [-0.245591, -0.901745, -0.355726, -0.0, 0.022333, -0.372131, 0.927911, 0.4, -0.969116, 0.219942, 0.11153, 0.0, 0.0, 0.0, 0.0, 1.0],
                [-0.245591, -0.901745, -0.355726, -0.0, 0.022333, -0.372131, 0.927911, 0.4, -0.969116, 0.219942, 0.11153, 0.0, 0.0, 0.0, 0.0, 1.0],
                [-0.245591, -0.901745, -0.355726, 0.0, 0.022333, -0.372131, 0.927912, 0.4, -0.969116, 0.219942, 0.11153, 0.0, 0.0, 0.0, 0.0, 1.0],
                [-0.245591, -0.901745, -0.355726, 0.0, 0.022333, -0.372131, 0.927912, 0.4, -0.969116, 0.219942, 0.11153, -0.0, 0.0, 0.0, 0.0, 1.0],
                [-0.245591, -0.901745, -0.355726, 0.0, 0.022333, -0.372131, 0.927912, 0.4, -0.969116, 0.219942, 0.11153, -0.0, 0.0, 0.0, 0.0, 1.0],
                [-0.245591, -0.901745, -0.355726, 0.0, 0.022333, -0.372131, 0.927912, 0.4, -0.969116, 0.219942, 0.11153, -0.0, 0.0, 0.0, 0.0, 1.0],
                [-0.245591, -0.901745, -0.355726, -0.0, 0.022333, -0.372131, 0.927912, 0.4, -0.969116, 0.219942, 0.11153, -0.0, 0.0, 0.0, 0.0, 1.0],
                [-0.245591, -0.901745, -0.355726, -0.0, 0.022333, -0.372131, 0.927912, 0.4, -0.969116, 0.219942, 0.11153, 0.0, 0.0, 0.0, 0.0, 1.0],
                [-0.245591, -0.901745, -0.355726, -0.0, 0.022333, -0.372131, 0.927912, 0.4, -0.969116, 0.219942, 0.11153, 0.0, 0.0, 0.0, 0.0, 1.0]
            ]
        },
        {
            "name": "Arm_L",
            "time": [0.0, 0.8333, 1.4167, 1.8333, 2.6667, 2.7083, 2.875, 4.9167, 5.0],
            "transform": [
                [-0.066001, -0.617255, 0.78399, 0.0, -0.586657, 0.659564, 0.469903, 0.39386, -0.807141, -0.428919, -0.405649, 0.0, 0.0, 0.0, 0.0, 1.0],
                [-0.026989, -0.612283, 0.790178, 0.0, -0.470729, 0.705123, 0.530298, 0.39386, -0.881865, -0.357647, -0.307249, -0.0, 0.0, 0.0, 0.0, 1.0],
                [-0.066001, -0.617255, 0.78399, -0.0, -0.586657, 0.659564, 0.469903, 0.39386, -0.807141, -0.428919, -0.405649, -0.0, 0.0, 0.0, 0.0, 1.0],
                [-0.066001, -0.617255, 0.78399, -0.0, -0.586657, 0.659564, 0.469903, 0.39386, -0.807141, -0.428919, -0.405649, -0.0, 0.0, 0.0, 0.0, 1.0],
                [0.238857, 0.19234, 0.951815, -0.0, -0.75925, 0.648066, 0.059574, 0.39386, -0.605381, -0.736896, 0.30083, 0.0, 0.0, 0.0, 0.0, 1.0],
                [0.261053, 0.333897, 0.90574, -0.0, -0.793525, 0.608522, 0.004382, 0.39386, -0.5497, -0.71987, 0.423812, 0.0, 0.0, 0.0, 0.0, 1.0],
                [0.276324, 0.576132, 0.769231, -0.0, -0.855006, 0.512871, -0.076989, 0.39386, -0.438873, -0.636423, 0.634315, 0.0, 0.0, 0.0, 0.0, 1.0],
                [-0.548528, 0.167275, 0.819229, 0.0, -0.474766, 0.744207, -0.469844, 0.39386, -0.68827, -0.646664, -0.328802, 0.0, 0.0, 0.0, 0.0, 1.0],
                [0.158301, -0.125606, 0.979369, 0.0, -0.685752, 0.699652, 0.200574, 0.39386, -0.710411, -0.703356, 0.024621, 0.0, 0.0, 0.0, 0.0, 1.0]
            ]
        },
        {
            "name": "Hand_L",
            "time": [0.0, 0.8333, 1.4167, 1.8333, 2.6667, 2.7083, 2.875, 2.9167, 3.1667, 3.3333, 3.9167, 4.75, 5.0],
            "transform": [
                [1.0, 0.0, 0.0, 0.0, -0.0, 0.87031, -0.492504, 0.3, -0.0, 0.492504, 0.87031, 0.0, 0.0, 0.0, 0.0, 1.0],
                [1.0, 0.0, 0.0, -0.0, 0.0, 0.87031, -0.492504, 0.3, -0.0, 0.492504, 0.87031, 0.0, 0.0, 0.0, 0.0, 1.0],
                [1.0, 0.0, 0.0, -0.0, -0.0, 0.87031, -0.492504, 0.3, -0.0, 0.492504, 0.87031, 0.0, 0.0, 0.0, 0.0, 1.0],
                [1.0, 0.0, 0.0, -0.0, -0.0, 0.87031, -0.492504, 0.3, -0.0, 0.492504, 0.87031, 0.0, 0.0, 0.0, 0.0, 1.0],
                [1.0, 0.0, 0.0, 0.0, -0.0, 0.87031, -0.492504, 0.3, -0.0, 0.492504, 0.87031, 0.0, 0.0, 0.0, 0.0, 1.0],
                [1.0, 0.0, 0.0, -0.0, -0.0, 0.87031, -0.492504, 0.3, -0.0, 0.492504, 0.87031, -0.0, 0.0, 0.0, 0.0, 1.0],
                [1.0, 0.0, 0.0, 0.0, -0.0, 0.87031, -0.492504, 0.3, -0.0, 0.492504, 0.87031, -0.0, 0.0, 0.0, 0.0, 1.0],
                [1.0, 0.0, 0.0, -0.0, -0.0, 0.87031, -0.492504, 0.3, -0.0, 0.492504, 0.87031, 0.0, 0.0, 0.0, 0.0, 1.0],
                [1.0, 0.0, 0.0, 0.0, -0.0, 0.87031, -0.492504, 0.3, -0.0, 0.492504, 0.87031, 0.0, 0.0, 0.0, 0.0, 1.0],
                [1.0, 0.0, 0.0, 0.0, -0.0, 0.87031, -0.492504, 0.3, -0.0, 0.492504, 0.87031, -0.0, 0.0, 0.0, 0.0, 1.0],
                [1.0, 0.0, -0.0, 0.0, -0.0, 0.87031, -0.492504, 0.3, -0.0, 0.492504, 0.87031, -0.0, 0.0, 0.0, 0.0, 1.0],
                [1.0, 0.0, 0.0, -0.0, -0.0, 0.87031, -0.492504, 0.3, -0.0, 0.492504, 0.87031, 0.0, 0.0, 0.0, 0.0, 1.0],
                [1.0, 0.0, 0.0, 0.0, 0.0, 0.87031, -0.492504, 0.3, -0.0, 0.492504, 0.87031, 0.0, 0.0, 0.0, 0.0, 1.0]
            ]
        },
        {
            "name": "Tool_L",
            "time": [0.0, 0.8333, 1.4167, 1.8333, 2.6667, 2.7083, 2.875, 2.9167, 3.1667, 3.3333, 3.75, 5.0],
            "transform": [
                [0.994814, 0.089988, 0.047404, 0.125863, 0.08898, -0.995768, 0.022975, 0.329611, 0.049243, -0.018637, -0.998024, 0.051562, 0.0, 0.0, 0.0, 1.0],
                [0.994814, 0.089988, 0.047404, 0.125863, 0.08898, -0.995768, 0.022975, 0.329611, 0.049243, -0.018637, -0.998024, 0.051562, 0.0, 0.0, 0.0, 1.0],
                [0.994814, 0.089988, 0.047404, 0.125863, 0.08898, -0.995768, 0.022975, 0.329611, 0.049243, -0.018637, -0.998024, 0.051562, 0.0, 0.0, 0.0, 1.0],
                [0.994814, 0.089988, 0.047404, 0.125863, 0.08898, -0.995768, 0.022975, 0.329611, 0.049243, -0.018637, -0.998024, 0.051562, 0.0, 0.0, 0.0, 1.0],
                [0.994814, 0.089988, 0.047404, 0.125863, 0.08898, -0.995768, 0.022975, 0.329611, 0.049243, -0.018637, -0.998024, 0.051562, 0.0, 0.0, 0.0, 1.0],
                [0.994814, 0.089988, 0.047404, 0.125863, 0.08898, -0.995768, 0.022975, 0.329611, 0.049243, -0.018637, -0.998024, 0.051562, 0.0, 0.0, 0.0, 1.0],
                [0.992656, 0.120973, 0.000332, 0.125863, -0.060981, 0.502751, -0.862278, 0.329611, -0.104418, 0.855427, 0.506128, 0.051562, 0.0, 0.0, 0.0, 1.0],
                [0.994814, 0.089988, 0.047404, 0.125863, 0.08898, -0.995768, 0.022975, 0.329611, 0.049243, -0.018637, -0.998024, 0.051562, 0.0, 0.0, 0.0, 1.0],
                [0.994814, 0.089988, 0.047404, 0.125863, 0.08898, -0.995768, 0.022975, 0.329611, 0.049243, -0.018637, -0.998024, 0.051562, 0.0, 0.0, 0.0, 1.0],
                [0.994814, 0.089988, 0.047404, 0.125863, 0.08898, -0.995768, 0.022975, 0.329612, 0.049243, -0.018637, -0.998024, 0.051562, 0.0, 0.0, 0.0, 1.0],
                [0.994814, 0.089988, 0.047404, 0.125863, 0.08898, -0.995768, 0.022975, 0.329611, 0.049243, -0.018637, -0.998024, 0.051562, 0.0, 0.0, 0.0, 1.0],
                [0.994814, 0.089988, 0.047404, 0.125863, 0.08898, -0.995768, 0.022975, 0.329612, 0.049243, -0.018637, -0.998024, 0.051562, 0.0, 0.0, 0.0, 1.0]
            ]
        },
        {
            "name": "Elbow_L",
            "time": [0.0, 0.8333, 1.4167, 1.8333, 2.6667, 2.7083, 2.875, 2.9167, 3.1667, 3.3333, 3.9167, 4.75, 5.0],
            "transform": [
                [-1.0, 0.0, -0.0, 0.0, 0.0, -0.0, -1.0, 0.358582, -0.0, -1.0, 0.0, 0.0, 0.0, 0.0, 0.0, 1.0],
                [-1.0, 0.0, -0.0, -0.0, 0.0, -0.0, -1.0, 0.358582, -0.0, -1.0, 0.0, 0.0, 0.0, 0.0, 0.0, 1.0],
                [-1.0, 0.0, -0.0, 0.0, 0.0, -0.0, -1.0, 0.358582, -0.0, -1.0, -0.0, -0.0, 0.0, 0.0, 0.0, 1.0],
                [-1.0, 0.0, -0.0, 0.0, 0.0, -0.0, -1.0, 0.358582, -0.0, -1.0, -0.0, -0.0, 0.0, 0.0, 0.0, 1.0],
                [-1.0, 0.0, -0.0, 0.0, 0.0, -0.0, -1.0, 0.358582, -0.0, -1.0, -0.0, -0.0, 0.0, 0.0, 0.0, 1.0],
                [-1.0, 0.0, -0.0, 0.0, 0.0, 0.0, -1.0, 0.358582, -0.0, -1.0, -0.0, -0.0, 0.0, 0.0, 0.0, 1.0],
                [-1.0, 0.0, -0.0, 0.0, 0.0, -0.0, -1.0, 0.358582, -0.0, -1.0, -0.0, 0.0, 0.0, 0.0, 0.0, 1.0],
                [-1.0, 0.0, -0.0, -0.0, 0.0, 0.0, -1.0, 0.358582, -0.0, -1.0, 0.0, 0.0, 0.0, 0.0, 0.0, 1.0],
                [-1.0, 0.0, -0.0, -0.0, 0.0, -0.0, -1.0, 0.358582, -0.0, -1.0, 0.0, 0.0, 0.0, 0.0, 0.0, 1.0],
                [-1.0, 0.0, -0.0, -0.0, 0.0, -0.0, -1.0, 0.358582, -0.0, -1.0, -0.0, -0.0, 0.0, 0.0, 0.0, 1.0],
                [-1.0, 0.0, -0.0, 0.0, 0.0, -0.0, -1.0, 0.358582, -0.0, -1.0, -0.0, -0.0, 0.0, 0.0, 0.0, 1.0],
                [-1.0, 0.0, 0.0, -0.0, 0.0, -0.0, -1.0, 0.358582, -0.0, -1.0, -0.0, 0.0, 0.0, 0.0, 0.0, 1.0],
                [-1.0, 0.0, 0.0, 0.0, 0.0, -0.0, -1.0, 0.358582, -0.0, -1.0, -0.0, 0.0, 0.0, 0.0, 0.0, 1.0]
            ]
        }
    ]
}