{
    "animation": [
        {
            "name": "Root",
            "time": [0.0, 1.0417, 5.0],
            "transform": [
                [1.0, 0.0, 0.0, -5e-06, 0.0, 0.0, -1.0, 0.000946, 0.0, 1.0, 0.0, 0.727917, 0.0, 0.0, 0.0, 1.0],
                [1.0, 0.0, 0.0, -5e-06, 0.0, 0.0, -1.0, 0.000946, 0.0, 1.0, 0.0, 0.728462, 0.0, 0.0, 0.0, 1.0],
                [1.0, 0.0, 0.0, -5e-06, 0.0, 0.0, -1.0, 0.000946, 0.0, 1.0, 0.0, 0.727917, 0.0, 0.0, 0.0, 1.0]
            ]
        },
        {
            "name": "Thigh_R",
            "time": [0.0, 2.0417, 3.875, 4.5833, 5.0],
            "transform": [
                [0.808482, 0.27702, -0.519246, 0.124994, -0.0, -0.882289, -0.470707, -0.002831, -0.588521, 0.380558, -0.713316, -1.2e-05, 0.0, 0.0, 0.0, 1.0],
                [0.808482, 0.188492, -0.557519, 0.124994, -0.0, -0.947322, -0.320281, -0.002831, -0.588521, 0.258941, -0.765894, -1.2e-05, 0.0, 0.0, 0.0, 1.0],
                [0.808482, 0.051072, -0.5863, 0.124994, -0.0, -0.996227, -0.086781, -0.002831, -0.588521, 0.070161, -0.805432, -1.2e-05, 0.0, 0.0, 0.0, 1.0],
                [0.808482, 0.032416, -0.587627, 0.124994, -0.0, -0.998482, -0.055082, -0.002831, -0.588521, 0.044533, -0.807255, -1.2e-05, 0.0, 0.0, 0.0, 1.0],
                [0.808482, 0.27702, -0.519246, 0.124994, -0.0, -0.882289, -0.470707, -0.002831, -0.588521, 0.380558, -0.713316, -1.2e-05, 0.0, 0.0, 0.0, 1.0]
            ]
        },
        {
            "name": "Leg_R",
            "time": [0.0, 2.0417, 3.875, 4.375, 4.5833, 5.0],
            "transform": [
                [1.0, 0.0, 1e-06, 0.0, -0.0, 0.997809, 0.06617, 0.37472, -1e-06, -0.06617, 0.997808, -0.0, 0.0, 0.0, 0.0, 1.0],
                [1.0, 0.0, 1e-06, 0.0, -0.0, 0.954683, 0.297624, 0.37472, -1e-06, -0.297624, 0.954683, 0.0, 0.0, 0.0, 0.0, 1.0],
                [1.0, 0.0, 1e-06, -0.0, -0.0, 0.878818, 0.477156, 0.37472, -1e-06, -0.477156, 0.878818, -0.0, 0.0, 0.0, 0.0, 1.0],
                [1.0, 0.0, 1e-06, 0.0, -0.0, 0.96046, 0.278418, 0.37472, -1e-06, -0.278418, 0.96046, 0.0, 0.0, 0.0, 0.0, 1.0],
                [1.0, -0.0, 1e-06, 0.0, -0.0, 0.802403, 0.596783, 0.37472, -1e-06, -0.596783, 0.802403, 0.0, 0.0, 0.0, 0.0, 1.0],
                [1.0, 0.0, 1e-06, 0.0, -0.0, 0.997809, 0.06617, 0.37472, -1e-06, -0.06617, 0.997808, -0.0, 0.0, 0.0, 0.0, 1.0]
            ]
        },
        {
            "name": "Knee_R",
            "time": [0.0, 5.0],
            "transform": [
                [1.0, 0.0, -0.0, -0.0, -0.0, 0.0, -1.0, 0.37472, -0.0, 1.0, 0.0, 0.0, 0.0, 0.0, 0.0, 1.0],
                [1.0, 0.0, -0.0, -0.0, -0.0, 0.0, -1.0, 0.37472, -0.0, 1.0, 0.0, 0.0, 0.0, 0.0, 0.0, 1.0]
            ]
        },
        {
            "name": "Thigh_L",
            "time": [0.0, 5.0],
            "transform": [
                [0.655034, -0.363162, -0.662604, -0.125006, -0.0, -0.876925, 0.480628, -0.002831, -0.755599, -0.314828, -0.574416, -1.2e-05, 0.0, 0.0, 0.0, 1.0],
                [0.655034, -0.363162, -0.662604, -0.125006, -0.0, -0.876925, 0.480628, -0.002831, -0.755599, -0.314828, -0.574416, -1.2e-05, 0.0, 0.0, 0.0, 1.0]
            ]
        },
        {
            "name": "Leg_L",
            "time": [0.0, 5.0],
            "transform": [
                [1.0, 0.0, 1e-06, 0.0, -0.0, 0.877998, 0.478664, 0.37472, -1e-06, -0.478664, 0.877998, -0.0, 0.0, 0.0, 0.0, 1.0],
                [1.0, 0.0, 1e-06, 0.0, -0.0, 0.877998, 0.478664, 0.37472, -1e-06, -0.478664, 0.877998, -0.0, 0.0, 0.0, 0.0, 1.0]
            ]
        },
        {
            "name": "Knee_L",
            "time": [0.0, 5.0],
            "transform": [
                [1.0, 0.0, -1e-06, 0.0, -0.0, 0.0, -1.0, 0.37472, -0.0, 1.0, 0.0, 0.0, 0.0, 0.0, 0.0, 1.0],
                [1.0, 0.0, -1e-06, 0.0, -0.0, 0.0, -1.0, 0.37472, -0.0, 1.0, 0.0, 0.0, 0.0, 0.0, 0.0, 1.0]
            ]
        },
        {
            "name": "Torso",
            "time": [0.0, 0.4167, 1.25, 2.0833, 2.9167, 3.3333, 3.75, 4.1667, 4.375, 4.7083, 5.0],
            "transform": [
                [0.934632, 0.0, 0.355616, 0.0, 0.0, 1.0, 0.0, 0.05, -0.355616, 0.0, 0.934632, 0.0, 0.0, 0.0, 0.0, 1.0],
                [0.801404, -0.046068, 0.596347, 0.0, -0.035671, 0.991574, 0.124537, 0.05, -0.597059, -0.121077, 0.793007, 0.0, 0.0, 0.0, 0.0, 1.0],
                [0.81554, -0.013286, 0.578548, 0.0, -0.031219, 0.997271, 0.066909, 0.05, -0.577857, -0.072629, 0.8129, 0.0, 0.0, 0.0, 0.0, 1.0],
                [0.848552, -0.066403, 0.524929, 0.0, -0.01741, 0.988053, 0.15313, 0.05, -0.528826, -0.139078, 0.837258, 0.0, 0.0, 0.0, 0.0, 1.0],
                [0.885279, -0.018362, 0.464698, 0.0, -0.009407, 0.998309, 0.057368, 0.05, -0.464965, -0.055158, 0.883609, 0.0, 0.0, 0.0, 0.0, 1.0],
                [0.901704, 0.105144, 0.419375, 0.0, -0.004274, 0.972099, -0.234532, 0.05, -0.432334, 0.209686, 0.876995, 0.0, 0.0, 0.0, 0.0, 1.0],
                [0.915574, -0.008432, 0.402061, 0.0, -0.00695, 0.999299, 0.036782, 0.05, -0.402089, -0.036471, 0.914874, 0.0, 0.0, 0.0, 0.0, 1.0],
                [0.925831, -0.054589, 0.373974, 0.0, -0.004768, 0.987748, 0.155986, 0.05, -0.377907, -0.1462, 0.914228, 0.0, 0.0, 0.0, 0.0, 1.0],
                [0.929536, -0.010914, 0.368569, 0.0, -0.003364, 0.999269, 0.038074, 0.05, -0.368715, -0.036631, 0.92882, 0.0, 0.0, 0.0, 0.0, 1.0],
                [0.933442, -0.046575, 0.355691, 0.0, -0.000321, 0.991427, 0.130662, 0.05, -0.358727, -0.12208, 0.925425, 0.0, 0.0, 0.0, 0.0, 1.0],
                [0.934632, 0.0, 0.355616, 0.0, 0.0, 1.0, 0.0, 0.05, -0.355616, 0.0, 0.934632, 0.0, 0.0, 0.0, 0.0, 1.0]
            ]
        },
        {
            "name": "Chest",
            "time": [0.0, 0.8333, 3.3333, 5.0],
            "transform": [
                [0.898985, 0.0, 0.43798, -0.0, 0.0, 1.0, 0.0, 0.3, -0.43798, 0.0, 0.898985, 0.0, 0.0, 0.0, 0.0, 1.0],
                [0.898985, -0.069574, 0.432419, -0.0, 0.0, 0.987302, 0.158852, 0.3, -0.43798, -0.142805, 0.88757, 0.0, 0.0, 0.0, 0.0, 1.0],
                [0.898985, 0.111539, 0.423539, 0.0, 0.0, 0.967029, -0.254666, 0.3, -0.43798, 0.228941, 0.869344, -0.0, 0.0, 0.0, 0.0, 1.0],
                [0.898985, 0.0, 0.43798, -0.0, 0.0, 1.0, 0.0, 0.3, -0.43798, 0.0, 0.898985, 0.0, 0.0, 0.0, 0.0, 1.0]
            ]
        },
        {
            "name": "Head",
            "time": [0.0, 1.0417, 1.875, 2.75, 3.2917, 5.0],
            "transform": [
                [0.977087, 0.0, -0.212838, -0.0, 0.074871, 0.936085, 0.343713, 0.4, 0.199235, -0.351773, 0.914637, -0.0, 0.0, 0.0, 0.0, 1.0],
                [0.780343, -0.001874, -0.625349, -0.0, 0.216098, 0.9392, 0.266844, 0.4, 0.586827, -0.343367, 0.733303, 0.0, 0.0, 0.0, 0.0, 1.0],
                [0.992956, -0.012368, -0.117834, -0.0, 0.049041, 0.948247, 0.313723, 0.4, 0.107856, -0.317292, 0.942175, 0.0, 0.0, 0.0, 0.0, 1.0],
                [0.977087, -0.033212, -0.210231, 0.0, 0.074871, 0.978253, 0.193432, 0.4, 0.199235, -0.204741, 0.958325, 0.0, 0.0, 0.0, 0.0, 1.0],
                [0.977087, -0.130431, -0.168191, -0.0, 0.074871, 0.950352, -0.302036, 0.4, 0.199235, 0.282523, 0.938342, 0.0, 0.0, 0.0, 0.0, 1.0],
                [0.977087, 0.0, -0.212838, -0.0, 0.074871, 0.936085, 0.343713, 0.4, 0.199235, -0.351773, 0.914637, -0.0, 0.0, 0.0, 0.0, 1.0]
            ]
        },
        {
            "name": "Shoulder_R",
            "time": [0.0, 5.0],
            "transform": [
                [0.0, 0.952114, 0.305743, -0.0, 0.0, -0.305743, 0.952114, 0.4, 1.0, -0.0, -0.0, -0.0, 0.0, 0.0, 0.0, 1.0],
                [0.0, 0.952114, 0.305743, -0.0, 0.0, -0.305743, 0.952114, 0.4, 1.0, -0.0, -0.0, -0.0, 0.0, 0.0, 0.0, 1.0]
            ]
        },
        {
            "name": "Arm_R",
            "time": [0.0, 0.8333, 1.125, 1.3333, 1.5417, 1.8333, 2.7083, 2.9167, 3.125, 3.2917, 3.5417, 3.7083, 4.1667, 4.7917, 5.0],
            "transform": [
                [-0.207515, -0.240874, -0.948112, 0.0, 0.573792, 0.754997, -0.317399, 0.39386, 0.792276, -0.609884, -0.018462, 0.0, 0.0, 0.0, 0.0, 1.0],
                [-0.180521, -0.261716, -0.948112, -0.0, 0.489623, 0.812113, -0.317399, 0.393861, 0.853042, -0.521515, -0.018462, -0.0, 0.0, 0.0, 0.0, 1.0],
                [-0.174104, -0.174138, -0.969208, 0.0, 0.469731, 0.850357, -0.237164, 0.393861, 0.865472, -0.496558, -0.066253, 0.0, 0.0, 0.0, 0.0, 1.0],
                [-0.259138, -0.235779, -0.936619, -0.0, 0.693808, 0.629195, -0.350348, 0.39386, 0.671921, -0.740623, 0.000537, 0.0, 0.0, 0.0, 0.0, 1.0],
                [-0.197601, -0.426585, -0.882598, 0.0, 0.498112, 0.73176, -0.465201, 0.39386, 0.844297, -0.531557, 0.067891, -0.0, 0.0, 0.0, 0.0, 1.0],
                [-0.227652, -0.41129, -0.882619, -0.0, 0.549208, 0.694254, -0.46517, 0.39386, 0.80408, -0.590638, 0.067835, -0.0, 0.0, 0.0, 0.0, 1.0],
                [-0.16117, -0.40695, -0.899119, -0.0, 0.425049, 0.793587, -0.435376, 0.393861, 0.890706, -0.452339, 0.045071, -0.0, 0.0, 0.0, 0.0, 1.0],
                [-0.199562, -0.380011, -0.903198, 0.0, 0.518595, 0.74111, -0.426398, 0.39386, 0.831405, -0.553487, 0.049174, -0.0, 0.0, 0.0, 0.0, 1.0],
                [-0.141787, -0.39106, -0.909378, -0.0, 0.386193, 0.82401, -0.414563, 0.393861, 0.911455, -0.409976, 0.03419, 0.0, 0.0, 0.0, 0.0, 1.0],
                [-0.304212, -0.273156, -0.912601, -0.0, 0.74234, 0.532389, -0.406808, 0.39386, 0.596981, -0.801217, 0.040815, 0.0, 0.0, 0.0, 0.0, 1.0],
                [-0.294606, -0.166431, -0.941014, -0.0, 0.722814, 0.605323, -0.333353, 0.39386, 0.625098, -0.778386, -0.058033, -0.0, 0.0, 0.0, 0.0, 1.0],
                [-0.266349, -0.273509, -0.924257, -0.0, 0.686291, 0.619493, -0.381095, 0.393861, 0.676803, -0.735814, 0.022705, -0.0, 0.0, 0.0, 0.0, 1.0],
                [-0.212229, -0.421003, -0.881882, 0.0, 0.541351, 0.700663, -0.464769, 0.39386, 0.813571, -0.576045, 0.079209, -0.0, 0.0, 0.0, 0.0, 1.0],
                [-0.148296, -0.281232, -0.948112, 0.0, 0.390123, 0.864327, -0.317399, 0.393861, 0.908742, -0.41695, -0.018462, 0.0, 0.0, 0.0, 0.0, 1.0],
                [-0.207515, -0.240874, -0.948112, 0.0, 0.573792, 0.754997, -0.317399, 0.39386, 0.792276, -0.609884, -0.018462, 0.0, 0.0, 0.0, 0.0, 1.0]
            ]
        },
        {
            "name": "Hand_R",
            "time": [0.0, 5.0],
            "transform": [
                [1.0, 0.0, -0.0, -0.0, -0.0, 0.810867, -0.585231, 0.3, -0.0, 0.585231, 0.810867, -0.0, 0.0, 0.0, 0.0, 1.0],
                [1.0, 0.0, -0.0, -0.0, -0.0, 0.810867, -0.585231, 0.3, -0.0, 0.585231, 0.810867, -0.0, 0.0, 0.0, 0.0, 1.0]
            ]
        },
        {
            "name": "Tool_R",
            "time": [0.0, 5.0],
            "transform": [
                [0.149749, -0.565889, -0.810768, -0.558486, -0.947516, -0.316407, 0.045835, 0.008434, -0.28247, 0.761352, -0.58357, 0.001331, 0.0, 0.0, 0.0, 1.0],
                [0.149749, -0.565889, -0.810768, -0.558486, -0.947516, -0.316407, 0.045835, 0.008434, -0.28247, 0.761352, -0.58357, 0.001331, 0.0, 0.0, 0.0, 1.0]
            ]
        },
        {
            "name": "Elbow_R",
            "time": [0.0, 5.0],
            "transform": [
                [-1.0, 0.0, -0.0, 0.0, 0.0, 0.0, -1.0, 0.368909, -0.0, -1.0, -0.0, 0.0, 0.0, 0.0, 0.0, 1.0],
                [-1.0, 0.0, -0.0, 0.0, 0.0, 0.0, -1.0, 0.368909, -0.0, -1.0, -0.0, 0.0, 0.0, 0.0, 0.0, 1.0]
            ]
        },
        {
            "name": "Shoulder_L",
            "time": [0.0, 5.0],
            "transform": [
                [0.0, -0.952114, -0.305743, -0.0, 0.0, -0.305743, 0.952114, 0.4, -1.0, -0.0, 0.0, -0.0, 0.0, 0.0, 0.0, 1.0],
                [0.0, -0.952114, -0.305743, -0.0, 0.0, -0.305743, 0.952114, 0.4, -1.0, -0.0, 0.0, -0.0, 0.0, 0.0, 0.0, 1.0]
            ]
        },
        {
            "name": "Arm_L",
            "time": [0.0, 0.0833, 0.4167, 0.4583, 0.8333, 1.25, 1.2917, 1.4583, 1.6667, 1.875, 2.9167, 3.0417, 3.6667, 3.8333, 5.0],
            "transform": [
                [0.020802, 0.931272, 0.36373, 0.0, -0.873726, 0.193773, -0.446156, 0.39386, -0.485973, -0.30852, 0.817707, 0.0, 0.0, 0.0, 0.0, 1.0],
                [0.011572, 0.943052, 0.332444, 0.0, -0.873553, 0.171321, -0.455582, 0.39386, -0.486592, -0.285136, 0.825788, 0.0, 0.0, 0.0, 0.0, 1.0],
                [-0.158055, 0.835234, 0.526691, -0.0, -0.838538, 0.168127, -0.518254, 0.39386, -0.521414, -0.523563, 0.673802, -0.0, 0.0, 0.0, 0.0, 1.0],
                [-0.186734, 0.955778, 0.227199, 0.0, -0.824811, -0.026894, -0.564769, 0.39386, -0.533683, -0.292858, 0.793358, 0.0, 0.0, 0.0, 0.0, 1.0],
                [-0.406291, 0.909886, 0.083877, 0.0, -0.501198, -0.14516, -0.85307, 0.39386, -0.764021, -0.388634, 0.51501, 0.0, 0.0, 0.0, 0.0, 1.0],
                [-0.47872, 0.835233, 0.270577, -0.0, -0.246175, 0.168127, -0.954532, 0.39386, -0.842748, -0.523563, 0.125128, 0.0, 0.0, 0.0, 0.0, 1.0],
                [-0.468717, 0.881711, -0.053754, -0.0, -0.289441, -0.21079, -0.933698, 0.39386, -0.834583, -0.422082, 0.354004, 0.0, 0.0, 0.0, 0.0, 1.0],
                [-0.345191, 0.835234, 0.428051, 0.0, -0.580844, 0.168127, -0.796463, 0.39386, -0.7372, -0.523563, 0.427104, 0.0, 0.0, 0.0, 0.0, 1.0],
                [-0.428607, 0.835234, 0.344501, 0.0, -0.397443, 0.168127, -0.902094, 0.39386, -0.811378, -0.523563, 0.259897, -0.0, 0.0, 0.0, 0.0, 1.0],
                [-0.245058, 0.9695, -0.00397, 0.0, -0.438824, -0.11457, -0.891239, 0.39386, -0.864511, -0.216663, 0.453516, 0.0, 0.0, 0.0, 0.0, 1.0],
                [-0.192394, 0.810947, 0.552585, -0.0, -0.602265, 0.347002, -0.718934, 0.39386, -0.774765, -0.471121, 0.421644, 0.0, 0.0, 0.0, 0.0, 1.0],
                [-0.195531, 0.9779, -0.074017, 0.0, -0.597933, -0.178699, -0.781372, 0.39386, -0.777331, -0.108525, 0.61966, -0.0, 0.0, 0.0, 0.0, 1.0],
                [-0.22719, 0.800911, 0.55401, 0.0, -0.575535, 0.348486, -0.739809, 0.39386, -0.785586, -0.486929, 0.38178, -0.0, 0.0, 0.0, 0.0, 1.0],
                [-0.186602, 0.948498, 0.255992, 0.0, -0.607577, 0.093348, -0.788756, 0.39386, -0.77203, -0.302718, 0.558867, 0.0, 0.0, 0.0, 0.0, 1.0],
                [0.020802, 0.931272, 0.36373, 0.0, -0.873726, 0.193773, -0.446156, 0.39386, -0.485973, -0.30852, 0.817707, 0.0, 0.0, 0.0, 0.0, 1.0]
            ]
        },
        {
            "name": "Hand_L",
            "time": [0.0, 0.375, 3.1667, 3.4583, 3.8333, 4.4167, 5.0],
            "transform": [
                [1.0, 0.0, 0.0, 0.0, 0.0, 0.69381, -0.720158, 0.3, -0.0, 0.720158, 0.69381, 0.0, 0.0, 0.0, 0.0, 1.0],
                [1.0, 0.0, 0.0, 0.0, 0.0, 0.900299, -0.435273, 0.3, -0.0, 0.435273, 0.900299, 0.0, 0.0, 0.0, 0.0, 1.0],
                [1.0, 0.0, 0.0, -0.0, 0.0, 0.873864, -0.48617, 0.3, -0.0, 0.48617, 0.873864, 0.0, 0.0, 0.0, 0.0, 1.0],
                [1.0, 0.0, 0.0, 0.0, -0.0, 0.555211, -0.83171, 0.3, -0.0, 0.83171, 0.55521, 0.0, 0.0, 0.0, 0.0, 1.0],
                [1.0, -0.0, 0.0, 0.0, 0.0, 0.851193, -0.524854, 0.3, -0.0, 0.524854, 0.851193, 0.0, 0.0, 0.0, 0.0, 1.0],
                [1.0, 0.0, 0.0, -0.0, 0.0, 0.907112, -0.420889, 0.3, -0.0, 0.420889, 0.907112, 0.0, 0.0, 0.0, 0.0, 1.0],
                [1.0, 0.0, 0.0, 0.0, 0.0, 0.691103, -0.722757, 0.3, -0.0, 0.722757, 0.691103, 0.0, 0.0, 0.0, 0.0, 1.0]
            ]
        },
        {
            "name": "Tool_L",
            "time": [0.0, 5.0],
            "transform": [
                [0.0, 0.0, 0.0, 0.0, 0.0, 0.0, 0.0, 0.272858, 0.0, 0.0, 0.0, -0.0, 0.0, 0.0, 0.0, 1.0],
                [0.0, 0.0, 0.0, -0.0, 0.0, 0.0, 0.0, 0.272858, 0.0, 0.0, 0.0, 0.0, 0.0, 0.0, 0.0, 1.0]
            ]
        },
        {
            "name": "Elbow_L",
            "time": [0.0, 5.0],
            "transform": [
                [-1.0, 0.0, -0.0, -0.0, 0.0, -0.0, -1.0, 0.38567, -0.0, -1.0, 0.0, -0.0, 0.0, 0.0, 0.0, 1.0],
                [-1.0, 0.0, -0.0, -0.0, 0.0, -0.0, -1.0, 0.386022, -0.0, -1.0, 0.0, 0.0, 0.0, 0.0, 0.0, 1.0]
            ]
        }
    ]
}