{
    "animation": [
        {
            "name": "Root",
            "time": [0.0, 0.3333, 1.3333],
            "transform": [
                [0.747174, 0.0, -0.664628, -5e-06, -0.664628, 0.0, -0.747174, 0.000946, 0.0, 1.0, 0.0, 0.763972, 0.0, 0.0, 0.0, 1.0],
                [0.747174, 0.0, -0.664628, -5e-06, -0.664628, 0.0, -0.747174, 0.000946, 0.0, 1.0, 0.0, 0.763972, 0.0, 0.0, 0.0, 1.0],
                [0.668894, 0.0, 0.743358, -5e-06, 0.743358, 0.0, -0.668894, 0.000946, 0.0, 1.0, 0.0, 0.763972, 0.0, 0.0, 0.0, 1.0]
            ]
        },
        {
            "name": "Thigh_R",
            "time": [0.0, 0.3333, 1.3333],
            "transform": [
                [0.936565, 0.350493, -0.0, 0.124994, 0.350493, -0.936565, 0.0, -0.002831, -0.0, -0.0, -1.0, -1.2e-05, 0.0, 0.0, 0.0, 1.0],
                [0.936565, 0.350493, -0.0, 0.124994, 0.350493, -0.936565, 0.0, -0.002831, -0.0, -0.0, -1.0, -1.2e-05, 0.0, 0.0, 0.0, 1.0],
                [0.936566, 0.350493, -0.0, 0.124994, 0.350493, -0.936565, 0.0, -0.002831, -0.0, -0.0, -1.0, -1.2e-05, 0.0, 0.0, 0.0, 1.0]
            ]
        },
        {
            "name": "Leg_R",
            "time": [0.0, 0.3333, 1.3333],
            "transform": [
                [1.0, 0.0, 1e-06, 0.0, -1e-06, 1.0, 0.0, 0.37472, -1e-06, -0.0, 1.0, -0.0, 0.0, 0.0, 0.0, 1.0],
                [1.0, 0.0, 1e-06, 0.0, -1e-06, 1.0, 0.0, 0.37472, -1e-06, -0.0, 1.0, -0.0, 0.0, 0.0, 0.0, 1.0],
                [1.0, 0.0, 1e-06, -0.0, -0.0, 1.0, 0.0, 0.37472, -1e-06, -0.0, 1.0, -0.0, 0.0, 0.0, 0.0, 1.0]
            ]
        },
        {
            "name": "Knee_R",
            "time": [0.0, 0.3333, 1.3333],
            "transform": [
                [1.0, 0.0, -0.0, 0.0, -0.0, 0.0, -1.0, 0.37472, -0.0, 1.0, 0.0, -0.0, 0.0, 0.0, 0.0, 1.0],
                [1.0, 0.0, -0.0, 0.0, -0.0, 0.0, -1.0, 0.37472, -0.0, 1.0, 0.0, -0.0, 0.0, 0.0, 0.0, 1.0],
                [1.0, 0.0, -0.0, 0.0, -0.0, 0.0, -1.0, 0.37472, -0.0, 1.0, 0.0, -0.0, 0.0, 0.0, 0.0, 1.0]
            ]
        },
        {
            "name": "Thigh_L",
            "time": [0.0, 0.3333, 1.3333],
            "transform": [
                [0.994877, -0.101095, -0.0, -0.125006, -0.101095, -0.994877, 0.0, -0.002831, -0.0, -0.0, -1.0, -1.2e-05, 0.0, 0.0, 0.0, 1.0],
                [0.994877, -0.101095, -0.0, -0.125006, -0.101095, -0.994877, 0.0, -0.002831, -0.0, -0.0, -1.0, -1.2e-05, 0.0, 0.0, 0.0, 1.0],
                [0.994877, -0.101095, -0.0, -0.125006, -0.101095, -0.994877, 0.0, -0.002831, -0.0, -0.0, -1.0, -1.2e-05, 0.0, 0.0, 0.0, 1.0]
            ]
        },
        {
            "name": "Leg_L",
            "time": [0.0, 0.3333, 1.3333],
            "transform": [
                [1.0, 0.0, 1e-06, 0.0, -0.0, 1.0, 0.0, 0.37472, -1e-06, -0.0, 1.0, 0.0, 0.0, 0.0, 0.0, 1.0],
                [1.0, 0.0, 1e-06, 0.0, -0.0, 1.0, 0.0, 0.37472, -1e-06, -0.0, 1.0, 0.0, 0.0, 0.0, 0.0, 1.0],
                [1.0, 0.0, 1e-06, 0.0, -0.0, 1.0, 0.0, 0.37472, -1e-06, -0.0, 1.0, -0.0, 0.0, 0.0, 0.0, 1.0]
            ]
        },
        {
            "name": "Knee_L",
            "time": [0.0, 0.3333, 1.3333],
            "transform": [
                [1.0, 0.0, -0.0, -0.0, -0.0, 0.0, -1.0, 0.37472, -0.0, 1.0, 0.0, 0.0, 0.0, 0.0, 0.0, 1.0],
                [1.0, 0.0, -0.0, -0.0, -0.0, 0.0, -1.0, 0.37472, -0.0, 1.0, 0.0, 0.0, 0.0, 0.0, 0.0, 1.0],
                [1.0, 0.0, -0.0, -0.0, -0.0, 0.0, -1.0, 0.37472, -0.0, 1.0, 0.0, -0.0, 0.0, 0.0, 0.0, 1.0]
            ]
        },
        {
            "name": "Torso",
            "time": [0.0, 0.3333, 1.3333],
            "transform": [
                [0.998827, 0.0, 0.048413, -0.0, 0.0, 1.0, 0.0, 0.05, -0.048413, 0.0, 0.998827, -0.0, 0.0, 0.0, 0.0, 1.0],
                [0.998827, 0.0, 0.048413, -0.0, 0.0, 1.0, 0.0, 0.05, -0.048413, 0.0, 0.998827, -0.0, 0.0, 0.0, 0.0, 1.0],
                [1.0, 0.0, 0.0, -0.0, 0.0, 1.0, 0.0, 0.05, 0.0, 0.0, 1.0, 0.0, 0.0, 0.0, 0.0, 1.0]
            ]
        },
        {
            "name": "Chest",
            "time": [0.0, 0.3333, 1.3333],
            "transform": [
                [0.914667, 0.0, 0.404209, -0.0, 0.0, 1.0, 0.0, 0.3, -0.404209, 0.0, 0.914667, -0.0, 0.0, 0.0, 0.0, 1.0],
                [0.914667, 0.0, 0.404209, -0.0, 0.0, 1.0, 0.0, 0.3, -0.404209, 0.0, 0.914667, -0.0, 0.0, 0.0, 0.0, 1.0],
                [1.0, 0.0, 0.0, -0.0, -0.0, 0.995307, -0.096767, 0.3, 0.0, 0.096767, 0.995307, 0.0, 0.0, 0.0, 0.0, 1.0]
            ]
        },
        {
            "name": "Head",
            "time": [0.0, 0.3333, 1.3333],
            "transform": [
                [0.786208, 0.248322, 0.565874, 0.0, 0.0, 0.91571, -0.40184, 0.4, -0.617962, 0.31593, 0.719939, 0.0, 0.0, 0.0, 0.0, 1.0],
                [0.786208, 0.248322, 0.565874, 0.0, 0.0, 0.91571, -0.40184, 0.4, -0.617962, 0.31593, 0.719939, 0.0, 0.0, 0.0, 0.0, 1.0],
                [0.884349, 0.24228, -0.399033, 0.0, -0.148342, 0.95632, 0.251886, 0.4, 0.44263, -0.163562, 0.881661, 0.0, 0.0, 0.0, 0.0, 1.0]
            ]
        },
        {
            "name": "Shoulder_R",
            "time": [0.0, 0.3333, 1.3333],
            "transform": [
                [0.0, 0.952114, 0.305743, 0.0, 0.0, -0.305743, 0.952114, 0.4, 1.0, -0.0, -0.0, 0.0, 0.0, 0.0, 0.0, 1.0],
                [0.0, 0.952114, 0.305743, 0.0, 0.0, -0.305743, 0.952114, 0.4, 1.0, -0.0, -0.0, 0.0, 0.0, 0.0, 0.0, 1.0],
                [0.0, 0.952114, 0.305743, 0.0, 0.0, -0.305743, 0.952114, 0.4, 1.0, 0.0, -0.0, 0.0, 0.0, 0.0, 0.0, 1.0]
            ]
        },
        {
            "name": "Arm_R",
            "time": [0.0, 0.3333, 1.0, 1.0833, 1.1667, 1.1833, 1.2, 1.2167, 1.3333],
            "transform": [
                [0.661358, 0.095862, -0.743919, 0.0, 0.472461, 0.717075, 0.51243, 0.39386, 0.582568, -0.690372, 0.428953, -0.0, 0.0, 0.0, 0.0, 1.0],
                [0.661358, 0.095862, -0.743919, 0.0, 0.472461, 0.717075, 0.51243, 0.39386, 0.582568, -0.690372, 0.428953, -0.0, 0.0, 0.0, 0.0, 1.0],
                [-0.419144, -0.885194, -0.201866, 0.0, 0.711398, -0.182052, -0.6788, 0.39386, 0.564119, -0.428122, 0.706032, -0.0, 0.0, 0.0, 0.0, 1.0],
                [-0.166367, -0.983872, 0.065716, 0.0, 0.907762, -0.178842, -0.379452, 0.39386, 0.385085, -0.003474, 0.922875, 0.0, 0.0, 0.0, 0.0, 1.0],
                [-0.419144, -0.885194, -0.201866, 0.0, 0.711399, -0.182052, -0.6788, 0.393861, 0.564119, -0.428122, 0.706032, -0.0, 0.0, 0.0, 0.0, 1.0],
                [-0.32775, -0.93821, -0.111094, 0.0, 0.765978, -0.195049, -0.612564, 0.393861, 0.553045, -0.285863, 0.782575, -0.0, 0.0, 0.0, 0.0, 1.0],
                [-0.172017, -0.985075, -0.006049, 0.0, 0.89059, -0.152887, -0.428341, 0.39386, 0.421023, -0.079069, 0.903597, 0.0, 0.0, 0.0, 0.0, 1.0],
                [-0.03795, -0.981479, 0.187775, -0.0, 0.985178, -0.068205, -0.157391, 0.393861, 0.167283, 0.179018, 0.96952, -0.0, 0.0, 0.0, 0.0, 1.0],
                [0.571757, -0.762205, -0.303542, -0.0, 0.554567, 0.631712, -0.54166, 0.39386, 0.604607, 0.141363, 0.78388, 0.0, 0.0, 0.0, 0.0, 1.0]
            ]
        },
        {
            "name": "Hand_R",
            "time": [0.0, 0.6667, 1.0, 1.0833, 1.1667, 1.1833, 1.2, 1.2167, 1.2333, 1.25, 1.3333],
            "transform": [
                [1.0, -0.0, 0.0, 0.0, -0.0, 0.962078, -0.272776, 0.3, -0.0, 0.272776, 0.962078, -0.0, 0.0, 0.0, 0.0, 1.0],
                [1.0, 0.0, 0.0, -0.0, -0.0, 0.962078, -0.272776, 0.3, -0.0, 0.272776, 0.962077, -0.0, 0.0, 0.0, 0.0, 1.0],
                [1.0, 0.0, 0.0, 0.0, 0.0, 0.131111, -0.991368, 0.3, -0.0, 0.991368, 0.131111, 0.0, 0.0, 0.0, 0.0, 1.0],
                [1.0, 0.0, -0.0, 0.0, -0.0, 0.039668, -0.999213, 0.3, -0.0, 0.999213, 0.039668, -0.0, 0.0, 0.0, 0.0, 1.0],
                [1.0, 0.0, -0.0, 0.0, -0.0, 0.131111, -0.991368, 0.3, -0.0, 0.991368, 0.131111, 0.0, 0.0, 0.0, 0.0, 1.0],
                [1.0, 0.0, 0.0, 0.0, -0.0, 0.131111, -0.991368, 0.3, -0.0, 0.991368, 0.131111, 0.0, 0.0, 0.0, 0.0, 1.0],
                [1.0, 0.0, 0.0, 0.0, 0.0, 0.131111, -0.991368, 0.3, -0.0, 0.991368, 0.131111, 0.0, 0.0, 0.0, 0.0, 1.0],
                [1.0, 0.0, -0.0, -0.0, 0.0, 0.131111, -0.991368, 0.3, -0.0, 0.991368, 0.131111, 0.0, 0.0, 0.0, 0.0, 1.0],
                [1.0, 0.0, 0.0, -0.0, -0.0, 0.131111, -0.991368, 0.3, -0.0, 0.991368, 0.131111, 0.0, 0.0, 0.0, 0.0, 1.0],
                [1.0, 0.0, 0.0, -0.0, -0.0, 0.131111, -0.991368, 0.3, -0.0, 0.991368, 0.131111, -0.0, 0.0, 0.0, 0.0, 1.0],
                [1.0, 0.0, 0.0, -0.0, -0.0, 0.99768, 0.068087, 0.3, -0.0, -0.068087, 0.99768, 0.0, 0.0, 0.0, 0.0, 1.0]
            ]
        },
        {
            "name": "Tool_R",
            "time": [0.0, 0.0167, 0.0333, 0.05, 0.0667, 0.0833, 0.1, 0.1167, 0.1333, 0.15, 0.1667, 0.1833, 0.2, 0.2167, 0.2333, 0.25, 0.2667, 0.2833, 0.3, 0.3167, 0.3333, 1.3333],
            "transform": [
                [0.654936, -0.444194, 0.61135, 0.576018, -0.702045, -0.657004, 0.274732, -0.992848, 0.279625, -0.609128, -0.74214, 0.408672, 0.0, 0.0, 0.0, 1.0],
                [0.654936, -0.444194, 0.61135, 0.576018, -0.702045, -0.657004, 0.274732, -0.992848, 0.279625, -0.609128, -0.74214, 0.408672, 0.0, 0.0, 0.0, 1.0],
                [0.654936, -0.444194, 0.61135, 0.576018, -0.702045, -0.657004, 0.274732, -0.992848, 0.279625, -0.609128, -0.74214, 0.408672, 0.0, 0.0, 0.0, 1.0],
                [0.654936, -0.444194, 0.61135, 0.576018, -0.702045, -0.657004, 0.274732, -0.992848, 0.279625, -0.609128, -0.74214, 0.408672, 0.0, 0.0, 0.0, 1.0],
                [0.654936, -0.444194, 0.61135, 0.576018, -0.702045, -0.657004, 0.274732, -0.992848, 0.279625, -0.609128, -0.74214, 0.408672, 0.0, 0.0, 0.0, 1.0],
                [0.654936, -0.444194, 0.61135, 0.576018, -0.702045, -0.657004, 0.274732, -0.992848, 0.279625, -0.609128, -0.74214, 0.408672, 0.0, 0.0, 0.0, 1.0],
                [0.654936, -0.444194, 0.61135, 0.576018, -0.702045, -0.657004, 0.274732, -0.992848, 0.279625, -0.609128, -0.74214, 0.408672, 0.0, 0.0, 0.0, 1.0],
                [0.654936, -0.444194, 0.61135, 0.576018, -0.702045, -0.657004, 0.274732, -0.992848, 0.279625, -0.609128, -0.74214, 0.408672, 0.0, 0.0, 0.0, 1.0],
                [0.654936, -0.444194, 0.61135, 0.576018, -0.702045, -0.657004, 0.274732, -0.992848, 0.279625, -0.609128, -0.74214, 0.408672, 0.0, 0.0, 0.0, 1.0],
                [0.654936, -0.444194, 0.61135, 0.576018, -0.702045, -0.657004, 0.274732, -0.992848, 0.279625, -0.609128, -0.74214, 0.408672, 0.0, 0.0, 0.0, 1.0],
                [0.654936, -0.444194, 0.61135, 0.576018, -0.702045, -0.657004, 0.274732, -0.992848, 0.279625, -0.609128, -0.74214, 0.408672, 0.0, 0.0, 0.0, 1.0],
                [0.654936, -0.444194, 0.61135, 0.576018, -0.702045, -0.657004, 0.274732, -0.992848, 0.279625, -0.609128, -0.74214, 0.408672, 0.0, 0.0, 0.0, 1.0],
                [0.654936, -0.444194, 0.61135, 0.576018, -0.702045, -0.657004, 0.274732, -0.992848, 0.279625, -0.609128, -0.74214, 0.408672, 0.0, 0.0, 0.0, 1.0],
                [0.654936, -0.444194, 0.61135, 0.576018, -0.702045, -0.657004, 0.274732, -0.992848, 0.279625, -0.609128, -0.74214, 0.408672, 0.0, 0.0, 0.0, 1.0],
                [0.654936, -0.444194, 0.61135, 0.576018, -0.702045, -0.657004, 0.274732, -0.992848, 0.279625, -0.609128, -0.74214, 0.408672, 0.0, 0.0, 0.0, 1.0],
                [0.654936, -0.444194, 0.61135, 0.576018, -0.702045, -0.657004, 0.274732, -0.992848, 0.279625, -0.609128, -0.74214, 0.408672, 0.0, 0.0, 0.0, 1.0],
                [0.654936, -0.444194, 0.61135, 0.576018, -0.702045, -0.657004, 0.274732, -0.992848, 0.279625, -0.609128, -0.74214, 0.408672, 0.0, 0.0, 0.0, 1.0],
                [0.654936, -0.444194, 0.61135, 0.576018, -0.702045, -0.657004, 0.274732, -0.992848, 0.279625, -0.609128, -0.74214, 0.408672, 0.0, 0.0, 0.0, 1.0],
                [0.654936, -0.444194, 0.61135, 0.576018, -0.702045, -0.657004, 0.274732, -0.992848, 0.279625, -0.609128, -0.74214, 0.408672, 0.0, 0.0, 0.0, 1.0],
                [0.654936, -0.444194, 0.61135, 0.576018, -0.702045, -0.657004, 0.274732, -0.992848, 0.279625, -0.609128, -0.74214, 0.408672, 0.0, 0.0, 0.0, 1.0],
                [0.654936, -0.444194, 0.61135, 0.576018, -0.702045, -0.657004, 0.274732, -0.992848, 0.279625, -0.609128, -0.74214, 0.408672, 0.0, 0.0, 0.0, 1.0],
                [0.929068, 0.358693, -0.090391, -0.137888, -0.113204, 0.04307, -0.992638, -0.57198, -0.352159, 0.932461, 0.080621, -0.592023, 0.0, 0.0, 0.0, 1.0]
            ]
        },
        {
            "name": "Elbow_R",
            "time": [0.0, 0.3333, 1.3333],
            "transform": [
                [-1.0, 0.0, -0.0, 0.0, 0.0, 0.0, -1.0, 0.336214, -0.0, -1.0, -0.0, 0.0, 0.0, 0.0, 0.0, 1.0],
                [-1.0, 0.0, -0.0, 0.0, 0.0, 0.0, -1.0, 0.336214, -0.0, -1.0, -0.0, 0.0, 0.0, 0.0, 0.0, 1.0],
                [-1.0, 0.0, -0.0, -0.0, 0.0, 0.0, -1.0, 0.303939, -0.0, -1.0, -0.0, 0.0, 0.0, 0.0, 0.0, 1.0]
            ]
        },
        {
            "name": "Shoulder_L",
            "time": [0.0, 0.3333, 1.3333],
            "transform": [
                [0.047177, -0.997102, -0.059689, 0.0, 0.002821, -0.059622, 0.998217, 0.4, -0.998883, -0.047261, 0.0, 0.0, 0.0, 0.0, 0.0, 1.0],
                [0.047177, -0.997102, -0.059689, 0.0, 0.002821, -0.059622, 0.998217, 0.4, -0.998883, -0.047261, 0.0, 0.0, 0.0, 0.0, 0.0, 1.0],
                [-0.0, -0.952114, -0.305743, 0.0, 0.0, -0.305743, 0.952114, 0.4, -1.0, -0.0, 0.0, 0.0, 0.0, 0.0, 0.0, 1.0]
            ]
        },
        {
            "name": "Arm_L",
            "time": [0.0, 0.3333, 0.35, 0.3667, 0.3833, 0.4, 0.4167, 0.4333, 0.45, 0.4667, 0.4833, 0.5, 1.3333],
            "transform": [
                [0.053497, 0.361561, -0.930812, -0.0, -0.997785, 0.056259, -0.035493, 0.39386, 0.039534, 0.930649, 0.36377, 0.0, 0.0, 0.0, 0.0, 1.0],
                [0.053497, 0.361561, -0.930812, -0.0, -0.997785, 0.056259, -0.035493, 0.39386, 0.039534, 0.930649, 0.36377, 0.0, 0.0, 0.0, 0.0, 1.0],
                [0.053497, 0.361561, -0.930812, 0.0, -0.997785, 0.056259, -0.035493, 0.39386, 0.039534, 0.93065, 0.36377, -0.0, 0.0, 0.0, 0.0, 1.0],
                [0.053497, 0.361561, -0.930812, -0.0, -0.997785, 0.056259, -0.035493, 0.39386, 0.039534, 0.930649, 0.36377, -0.0, 0.0, 0.0, 0.0, 1.0],
                [0.053497, 0.361561, -0.930812, 0.0, -0.997785, 0.056259, -0.035493, 0.39386, 0.039534, 0.930649, 0.36377, 0.0, 0.0, 0.0, 0.0, 1.0],
                [0.053497, 0.361561, -0.930812, -0.0, -0.997785, 0.056259, -0.035493, 0.39386, 0.039534, 0.93065, 0.36377, -0.0, 0.0, 0.0, 0.0, 1.0],
                [0.053497, 0.361561, -0.930812, -0.0, -0.997785, 0.056259, -0.035493, 0.39386, 0.039534, 0.930649, 0.36377, 0.0, 0.0, 0.0, 0.0, 1.0],
                [0.053497, 0.361561, -0.930812, -0.0, -0.997785, 0.056259, -0.035493, 0.39386, 0.039534, 0.93065, 0.36377, 0.0, 0.0, 0.0, 0.0, 1.0],
                [0.053497, 0.361561, -0.930812, -0.0, -0.997785, 0.056259, -0.035493, 0.39386, 0.039534, 0.930649, 0.36377, 0.0, 0.0, 0.0, 0.0, 1.0],
                [0.053497, 0.361561, -0.930812, 0.0, -0.997785, 0.056259, -0.035493, 0.39386, 0.039534, 0.930649, 0.36377, -0.0, 0.0, 0.0, 0.0, 1.0],
                [0.053497, 0.361561, -0.930812, 0.0, -0.997785, 0.056259, -0.035493, 0.39386, 0.039534, 0.93065, 0.36377, -0.0, 0.0, 0.0, 0.0, 1.0],
                [0.053497, 0.361561, -0.930812, 0.0, -0.997785, 0.056259, -0.035493, 0.39386, 0.039534, 0.930649, 0.36377, 0.0, 0.0, 0.0, 0.0, 1.0],
                [0.3092, 0.311725, 0.898456, 0.0, -0.796269, 0.6014, 0.065374, 0.39386, -0.519952, -0.735626, 0.43417, 0.0, 0.0, 0.0, 0.0, 1.0]
            ]
        },
        {
            "name": "Hand_L",
            "time": [0.0, 0.3333, 1.3333],
            "transform": [
                [1.0, -0.0, 0.0, 0.0, 0.0, 0.992596, -0.121461, 0.3, 0.0, 0.121461, 0.992596, -0.0, 0.0, 0.0, 0.0, 1.0],
                [1.0, -0.0, 0.0, 0.0, 0.0, 0.992596, -0.121461, 0.3, 0.0, 0.121461, 0.992596, -0.0, 0.0, 0.0, 0.0, 1.0],
                [1.0, -0.0, 0.0, -0.0, 0.0, 0.432965, -0.901411, 0.3, -0.0, 0.901411, 0.432965, -0.0, 0.0, 0.0, 0.0, 1.0]
            ]
        },
        {
            "name": "Tool_L",
            "time": [0.0, 0.0167, 0.0333, 0.05, 0.0667, 0.0833, 0.1, 0.1167, 0.1333, 0.15, 0.1667, 0.1833, 0.2, 0.2167, 0.2333, 0.25, 0.2667, 0.2833, 0.3, 0.3167, 0.3333, 0.4167, 1.3333],
            "transform": [
                [0.0, 0.0, 0.0, 0.0, 0.0, 0.0, 0.0, 0.272858, 0.0, 0.0, 0.0, -0.0, 0.0, 0.0, 0.0, 1.0],
                [0.0, 0.0, 0.0, 0.0, 0.0, 0.0, 0.0, 0.272858, 0.0, 0.0, 0.0, -0.0, 0.0, 0.0, 0.0, 1.0],
                [0.0, 0.0, 0.0, 0.0, 0.0, 0.0, 0.0, 0.272858, 0.0, 0.0, 0.0, -0.0, 0.0, 0.0, 0.0, 1.0],
                [0.0, 0.0, 0.0, 0.0, 0.0, 0.0, 0.0, 0.272858, 0.0, 0.0, 0.0, -0.0, 0.0, 0.0, 0.0, 1.0],
                [0.0, 0.0, 0.0, 0.0, 0.0, 0.0, 0.0, 0.272858, 0.0, 0.0, 0.0, -0.0, 0.0, 0.0, 0.0, 1.0],
                [0.0, 0.0, 0.0, 0.0, 0.0, 0.0, 0.0, 0.272858, 0.0, 0.0, 0.0, -0.0, 0.0, 0.0, 0.0, 1.0],
                [0.0, 0.0, 0.0, 0.0, 0.0, 0.0, 0.0, 0.272858, 0.0, 0.0, 0.0, -0.0, 0.0, 0.0, 0.0, 1.0],
                [0.0, 0.0, 0.0, 0.0, 0.0, 0.0, 0.0, 0.272858, 0.0, 0.0, 0.0, -0.0, 0.0, 0.0, 0.0, 1.0],
                [0.0, 0.0, 0.0, 0.0, 0.0, 0.0, 0.0, 0.272858, 0.0, 0.0, 0.0, -0.0, 0.0, 0.0, 0.0, 1.0],
                [0.0, 0.0, 0.0, 0.0, 0.0, 0.0, 0.0, 0.272858, 0.0, 0.0, 0.0, -0.0, 0.0, 0.0, 0.0, 1.0],
                [0.0, 0.0, 0.0, 0.0, 0.0, 0.0, 0.0, 0.272858, 0.0, 0.0, 0.0, -0.0, 0.0, 0.0, 0.0, 1.0],
                [0.0, 0.0, 0.0, 0.0, 0.0, 0.0, 0.0, 0.272858, 0.0, 0.0, 0.0, -0.0, 0.0, 0.0, 0.0, 1.0],
                [0.0, 0.0, 0.0, 0.0, 0.0, 0.0, 0.0, 0.272858, 0.0, 0.0, 0.0, -0.0, 0.0, 0.0, 0.0, 1.0],
                [0.0, 0.0, 0.0, 0.0, 0.0, 0.0, 0.0, 0.272858, 0.0, 0.0, 0.0, -0.0, 0.0, 0.0, 0.0, 1.0],
                [0.0, 0.0, 0.0, 0.0, 0.0, 0.0, 0.0, 0.272858, 0.0, 0.0, 0.0, -0.0, 0.0, 0.0, 0.0, 1.0],
                [0.0, 0.0, 0.0, 0.0, 0.0, 0.0, 0.0, 0.272858, 0.0, 0.0, 0.0, -0.0, 0.0, 0.0, 0.0, 1.0],
                [0.0, 0.0, 0.0, 0.0, 0.0, 0.0, 0.0, 0.272858, 0.0, 0.0, 0.0, -0.0, 0.0, 0.0, 0.0, 1.0],
                [0.0, 0.0, 0.0, 0.0, 0.0, 0.0, 0.0, 0.272858, 0.0, 0.0, 0.0, -0.0, 0.0, 0.0, 0.0, 1.0],
                [0.0, 0.0, 0.0, 0.0, 0.0, 0.0, 0.0, 0.272858, 0.0, 0.0, 0.0, -0.0, 0.0, 0.0, 0.0, 1.0],
                [0.0, 0.0, 0.0, 0.0, 0.0, 0.0, 0.0, 0.272858, 0.0, 0.0, 0.0, -0.0, 0.0, 0.0, 0.0, 1.0],
                [0.0, 0.0, 0.0, 0.0, 0.0, 0.0, 0.0, 0.272858, 0.0, 0.0, 0.0, -0.0, 0.0, 0.0, 0.0, 1.0],
                [0.0, 0.0, 0.0, 0.0, 0.0, 0.0, 0.0, 0.272858, 0.0, 0.0, 0.0, -0.0, 0.0, 0.0, 0.0, 1.0],
                [0.0, 0.0, 0.0, -0.0, 0.0, 0.0, 0.0, 0.272858, 0.0, 0.0, 0.0, 0.0, 0.0, 0.0, 0.0, 1.0]
            ]
        },
        {
            "name": "Elbow_L",
            "time": [0.0, 0.3333, 1.3333],
            "transform": [
                [-1.0, 0.0, -0.0, 0.0, 0.0, -0.0, -1.0, 0.321735, -0.0, -1.0, 0.0, -0.0, 0.0, 0.0, 0.0, 1.0],
                [-1.0, 0.0, -0.0, 0.0, 0.0, -0.0, -1.0, 0.321735, -0.0, -1.0, 0.0, -0.0, 0.0, 0.0, 0.0, 1.0],
                [-1.0, 0.0, 0.0, -0.0, 0.0, -0.0, -1.0, 0.415563, -0.0, -1.0, 0.0, -0.0, 0.0, 0.0, 0.0, 1.0]
            ]
        }
    ]
}