{
    "animation": [
        {
            "name": "Root",
            "time": [0.0, 1.0, 2.0],
            "transform": [
                [0.810392, 0.0, -0.585888, -5e-06, -0.585888, 0.0, -0.810392, 0.000946, 0.0, 1.0, 0.0, 0.763972, 0.0, 0.0, 0.0, 1.0],
                [0.810392, 0.0, -0.585888, -5e-06, -0.585888, 0.0, -0.810392, 0.000946, 0.0, 1.0, 0.0, 0.729117, 0.0, 0.0, 0.0, 1.0],
                [0.810392, 0.0, -0.585888, -5e-06, -0.585888, 0.0, -0.810392, 0.000946, 0.0, 1.0, 0.0, 0.763972, 0.0, 0.0, 0.0, 1.0]
            ]
        },
        {
            "name": "Thigh_R",
            "time": [0.0, 1.0, 2.0],
            "transform": [
                [0.802512, 0.106715, 0.587015, 0.124994, -0.042048, -0.97131, 0.234063, -0.002831, 0.595152, -0.21252, -0.775003, -1.2e-05, 0.0, 0.0, 0.0, 1.0],
                [0.802512, 0.228307, 0.551226, 0.124994, -0.042048, -0.899949, 0.433959, -0.002831, 0.595152, -0.371434, -0.712622, -1.2e-05, 0.0, 0.0, 0.0, 1.0],
                [0.802512, 0.106715, 0.587015, 0.124994, -0.042048, -0.97131, 0.234063, -0.002831, 0.595152, -0.21252, -0.775003, -1.2e-05, 0.0, 0.0, 0.0, 1.0]
            ]
        },
        {
            "name": "Leg_R",
            "time": [0.0, 1.0, 2.0],
            "transform": [
                [1.0, 0.0, 1e-06, 0.0, -0.0, 0.994072, 0.108734, 0.37472, -1e-06, -0.108734, 0.99407, 0.0, 0.0, 0.0, 0.0, 1.0],
                [1.0, -0.0, 1e-06, -0.0, -0.0, 0.911192, 0.411982, 0.37472, -1e-06, -0.411983, 0.911191, 0.0, 0.0, 0.0, 0.0, 1.0],
                [1.0, 0.0, 1e-06, 0.0, -0.0, 0.994072, 0.108734, 0.37472, -1e-06, -0.108734, 0.99407, 0.0, 0.0, 0.0, 0.0, 1.0]
            ]
        },
        {
            "name": "Knee_R",
            "time": [0.0, 2.0],
            "transform": [
                [1.0, 0.0, -0.0, 0.0, -0.0, 1e-06, -1.0, 0.37472, -0.0, 1.0, 1e-06, 0.0, 0.0, 0.0, 0.0, 1.0],
                [1.0, 0.0, -0.0, 0.0, -0.0, 1e-06, -1.0, 0.37472, -0.0, 1.0, 1e-06, 0.0, 0.0, 0.0, 0.0, 1.0]
            ]
        },
        {
            "name": "Thigh_L",
            "time": [0.0, 1.0, 2.0],
            "transform": [
                [0.754257, -0.309268, -0.57918, -0.125006, 1e-06, -0.882117, 0.471029, -0.002831, -0.656579, -0.355277, -0.665343, -1.2e-05, 0.0, 0.0, 0.0, 1.0],
                [0.754257, -0.259754, -0.603012, -0.125006, 1e-06, -0.918414, 0.395618, -0.002831, -0.656579, -0.298398, -0.692721, -1.2e-05, 0.0, 0.0, 0.0, 1.0],
                [0.754257, -0.309268, -0.57918, -0.125006, 1e-06, -0.882117, 0.471029, -0.002831, -0.656579, -0.355277, -0.665343, -1.2e-05, 0.0, 0.0, 0.0, 1.0]
            ]
        },
        {
            "name": "Leg_L",
            "time": [0.0, 1.0, 2.0],
            "transform": [
                [1.0, -0.0, 1e-06, 0.0, -0.0, 0.847708, 0.530463, 0.37472, -1e-06, -0.530463, 0.847708, -0.0, 0.0, 0.0, 0.0, 1.0],
                [1.0, -0.0, 1e-06, 0.0, -0.0, 0.923586, 0.38339, 0.37472, -1e-06, -0.38339, 0.923587, 0.0, 0.0, 0.0, 0.0, 1.0],
                [1.0, -0.0, 1e-06, 0.0, -0.0, 0.847708, 0.530463, 0.37472, -1e-06, -0.530463, 0.847708, -0.0, 0.0, 0.0, 0.0, 1.0]
            ]
        },
        {
            "name": "Knee_L",
            "time": [0.0, 2.0],
            "transform": [
                [1.0, 0.0, -0.0, 0.0, -0.0, 1e-06, -1.0, 0.378454, -0.0, 1.0, 1e-06, -0.0, 0.0, 0.0, 0.0, 1.0],
                [1.0, 0.0, -0.0, 0.0, -0.0, 1e-06, -1.0, 0.378454, -0.0, 1.0, 1e-06, -0.0, 0.0, 0.0, 0.0, 1.0]
            ]
        },
        {
            "name": "Torso",
            "time": [0.0, 2.0],
            "transform": [
                [1.0, 0.0, -0.0, -0.0, -0.0, 0.93514, -0.35428, 0.05, 0.0, 0.35428, 0.93514, 0.0, 0.0, 0.0, 0.0, 1.0],
                [1.0, 0.0, -0.0, -0.0, -0.0, 0.93514, -0.35428, 0.05, 0.0, 0.35428, 0.93514, 0.0, 0.0, 0.0, 0.0, 1.0]
            ]
        },
        {
            "name": "Chest",
            "time": [0.0, 0.3333, 0.6667, 1.0, 1.3333, 1.6667, 2.0],
            "transform": [
                [1.0, 0.0, -0.0, -0.0, -0.0, 0.859806, 0.510621, 0.3, 0.0, -0.510621, 0.859806, 0.0, 0.0, 0.0, 0.0, 1.0],
                [1.0, 0.0, -0.0, -0.0, -0.0, 0.922782, 0.385322, 0.3, 0.0, -0.385322, 0.922782, 0.0, 0.0, 0.0, 0.0, 1.0],
                [1.0, 0.0, -0.0, -0.0, -0.0, 0.859806, 0.510621, 0.3, 0.0, -0.510621, 0.859806, 0.0, 0.0, 0.0, 0.0, 1.0],
                [1.0, 0.0, -0.0, -0.0, -0.0, 0.922782, 0.385322, 0.3, 0.0, -0.385322, 0.922782, 0.0, 0.0, 0.0, 0.0, 1.0],
                [1.0, 0.0, -0.0, -0.0, -0.0, 0.859806, 0.510621, 0.3, 0.0, -0.510621, 0.859806, 0.0, 0.0, 0.0, 0.0, 1.0],
                [1.0, 0.0, -0.0, -0.0, -0.0, 0.922782, 0.385322, 0.3, 0.0, -0.385322, 0.922782, 0.0, 0.0, 0.0, 0.0, 1.0],
                [1.0, 0.0, -0.0, -0.0, -0.0, 0.859806, 0.510621, 0.3, 0.0, -0.510621, 0.859806, 0.0, 0.0, 0.0, 0.0, 1.0]
            ]
        },
        {
            "name": "Head",
            "time": [0.0, 2.0],
            "transform": [
                [0.812031, 0.0, 0.583614, 0.0, -0.0, 1.0, -0.0, 0.4, -0.583614, -0.0, 0.812031, 0.0, 0.0, 0.0, 0.0, 1.0],
                [0.812031, 0.0, 0.583614, 0.0, -0.0, 1.0, -0.0, 0.4, -0.583614, -0.0, 0.812031, 0.0, 0.0, 0.0, 0.0, 1.0]
            ]
        },
        {
            "name": "Shoulder_R",
            "time": [0.0, 0.3333, 0.6667, 1.0, 1.3333, 1.6667, 2.0],
            "transform": [
                [-0.123252, 0.944103, 0.305743, 0.0, 0.039579, -0.303171, 0.952114, 0.4, 0.991586, 0.129451, -0.0, 0.0, 0.0, 0.0, 0.0, 1.0],
                [-0.142045, 0.970576, 0.194435, 0.0, -0.058796, -0.204353, 0.97713, 0.4, 0.988112, 0.127364, 0.086094, -0.0, 0.0, 0.0, 0.0, 1.0],
                [-0.123252, 0.944103, 0.305743, 0.0, 0.039579, -0.303171, 0.952114, 0.4, 0.991586, 0.129451, -0.0, -0.0, 0.0, 0.0, 0.0, 1.0],
                [-0.142045, 0.970576, 0.194435, 0.0, -0.058796, -0.204353, 0.97713, 0.4, 0.988112, 0.127364, 0.086094, -0.0, 0.0, 0.0, 0.0, 1.0],
                [-0.123252, 0.944103, 0.305743, 0.0, 0.039579, -0.303171, 0.952114, 0.4, 0.991586, 0.129451, -0.0, -0.0, 0.0, 0.0, 0.0, 1.0],
                [-0.142045, 0.970576, 0.194435, 0.0, -0.058796, -0.204353, 0.97713, 0.4, 0.988112, 0.127364, 0.086094, -0.0, 0.0, 0.0, 0.0, 1.0],
                [-0.123252, 0.944103, 0.305743, 0.0, 0.039579, -0.303171, 0.952114, 0.4, 0.991586, 0.129451, -0.0, 0.0, 0.0, 0.0, 0.0, 1.0]
            ]
        },
        {
            "name": "Arm_R",
            "time": [0.0, 2.0],
            "transform": [
                [-0.556429, -0.796534, -0.236476, 0.0, 0.821933, -0.485978, -0.297072, 0.39386, 0.121706, -0.359666, 0.92511, 0.0, 0.0, 0.0, 0.0, 1.0],
                [-0.556429, -0.796534, -0.236476, 0.0, 0.821933, -0.485978, -0.297072, 0.39386, 0.121706, -0.359666, 0.92511, 0.0, 0.0, 0.0, 0.0, 1.0]
            ]
        },
        {
            "name": "Hand_R",
            "time": [0.0, 0.3333, 0.6667, 1.0, 1.3333, 1.6667, 2.0],
            "transform": [
                [1.0, 0.0, 0.0, 0.0, -0.0, 0.904491, -0.426492, 0.3, -0.0, 0.426492, 0.904491, 0.0, 0.0, 0.0, 0.0, 1.0],
                [1.0, 0.0, 0.0, 0.0, -0.0, 0.625322, -0.780367, 0.3, -0.0, 0.780367, 0.625322, 0.0, 0.0, 0.0, 0.0, 1.0],
                [1.0, 0.0, 0.0, 0.0, -0.0, 0.904491, -0.426492, 0.3, -0.0, 0.426492, 0.904491, -0.0, 0.0, 0.0, 0.0, 1.0],
                [1.0, 0.0, 0.0, -0.0, -0.0, 0.625322, -0.780367, 0.3, -0.0, 0.780367, 0.625322, 0.0, 0.0, 0.0, 0.0, 1.0],
                [1.0, 0.0, 0.0, 0.0, -0.0, 0.904491, -0.426492, 0.3, -0.0, 0.426492, 0.904491, -0.0, 0.0, 0.0, 0.0, 1.0],
                [1.0, 0.0, 0.0, 0.0, -0.0, 0.625322, -0.780367, 0.3, -0.0, 0.780367, 0.625322, 0.0, 0.0, 0.0, 0.0, 1.0],
                [1.0, 0.0, 0.0, 0.0, -0.0, 0.904491, -0.426492, 0.3, -0.0, 0.426492, 0.904491, 0.0, 0.0, 0.0, 0.0, 1.0]
            ]
        },
        {
            "name": "Tool_R",
            "time": [0.0, 2.0],
            "transform": [
                [1.0, 0.0, 0.0, 0.0, 0.0, -0.999836, 0.018122, 0.272858, 0.0, -0.018122, -0.999244, -0.0, 0.0, 0.0, 0.0, 1.0],
                [1.0, 0.0, 0.0, 0.0, 0.0, -0.999836, 0.018122, 0.272858, 0.0, -0.018122, -0.999244, -0.0, 0.0, 0.0, 0.0, 1.0]
            ]
        },
        {
            "name": "Elbow_R",
            "time": [0.0, 2.0],
            "transform": [
                [-1.0, 0.0, -0.0, 0.0, 0.0, -0.0, -1.0, 0.351614, -0.0, -1.0, 0.0, -0.0, 0.0, 0.0, 0.0, 1.0],
                [-1.0, 0.0, -0.0, 0.0, 0.0, -0.0, -1.0, 0.351614, -0.0, -1.0, 0.0, -0.0, 0.0, 0.0, 0.0, 1.0]
            ]
        },
        {
            "name": "Shoulder_L",
            "time": [0.0, 0.3333, 0.6667, 1.0, 1.3333, 1.6667, 2.0],
            "transform": [
                [0.394311, -0.866626, -0.305743, 0.0, 0.126621, -0.278291, 0.952114, 0.4, -0.910212, -0.414142, 0.0, 0.0, 0.0, 0.0, 0.0, 1.0],
                [0.301047, -0.923699, -0.23696, 0.0, 0.20916, -0.178478, 0.961456, 0.4, -0.930389, -0.339006, 0.139471, -0.0, 0.0, 0.0, 0.0, 1.0],
                [0.394311, -0.866626, -0.305743, 0.0, 0.126621, -0.278291, 0.952114, 0.4, -0.910212, -0.414142, 0.0, -0.0, 0.0, 0.0, 0.0, 1.0],
                [0.301047, -0.923699, -0.23696, 0.0, 0.20916, -0.178478, 0.961456, 0.4, -0.930389, -0.339006, 0.139471, -0.0, 0.0, 0.0, 0.0, 1.0],
                [0.394311, -0.866626, -0.305743, 0.0, 0.126621, -0.278291, 0.952114, 0.4, -0.910212, -0.414142, 0.0, -0.0, 0.0, 0.0, 0.0, 1.0],
                [0.301047, -0.923699, -0.23696, 0.0, 0.20916, -0.178478, 0.961456, 0.4, -0.930389, -0.339006, 0.139471, -0.0, 0.0, 0.0, 0.0, 1.0],
                [0.394311, -0.866626, -0.305743, 0.0, 0.126621, -0.278291, 0.952114, 0.4, -0.910212, -0.414142, 0.0, 0.0, 0.0, 0.0, 0.0, 1.0]
            ]
        },
        {
            "name": "Arm_L",
            "time": [0.0, 2.0],
            "transform": [
                [-0.469025, 0.155323, 0.869419, -0.0, -0.689701, 0.550475, -0.470415, 0.39386, -0.55166, -0.820275, -0.15106, 0.0, 0.0, 0.0, 0.0, 1.0],
                [-0.469025, 0.155323, 0.869419, -0.0, -0.689701, 0.550475, -0.470415, 0.39386, -0.55166, -0.820275, -0.15106, 0.0, 0.0, 0.0, 0.0, 1.0]
            ]
        },
        {
            "name": "Hand_L",
            "time": [0.0, 0.3333, 0.6667, 1.0, 1.3333, 1.6667, 2.0],
            "transform": [
                [1.0, 0.0, -0.0, 0.0, -0.0, 0.821848, -0.569708, 0.3, -0.0, 0.569708, 0.821847, -0.0, 0.0, 0.0, 0.0, 1.0],
                [1.0, 0.0, -0.0, -0.0, -0.0, 0.44901, -0.893527, 0.3, -0.0, 0.893527, 0.44901, -0.0, 0.0, 0.0, 0.0, 1.0],
                [1.0, 0.0, -0.0, -0.0, -0.0, 0.821848, -0.569708, 0.3, -0.0, 0.569708, 0.821847, 0.0, 0.0, 0.0, 0.0, 1.0],
                [1.0, 0.0, -0.0, -0.0, -0.0, 0.44901, -0.893527, 0.3, -0.0, 0.893527, 0.44901, -0.0, 0.0, 0.0, 0.0, 1.0],
                [1.0, 0.0, -0.0, -0.0, -0.0, 0.821848, -0.569708, 0.3, -0.0, 0.569708, 0.821847, 0.0, 0.0, 0.0, 0.0, 1.0],
                [1.0, 0.0, -0.0, -0.0, -0.0, 0.44901, -0.893527, 0.3, -0.0, 0.893527, 0.44901, -0.0, 0.0, 0.0, 0.0, 1.0],
                [1.0, 0.0, -0.0, 0.0, -0.0, 0.821848, -0.569708, 0.3, -0.0, 0.569708, 0.821847, -0.0, 0.0, 0.0, 0.0, 1.0]
            ]
        },
        {
            "name": "Tool_L",
            "time": [0.0, 2.0],
            "transform": [
                [1.0, 0.0, 0.0, -0.0, 0.0, -0.999835, 0.018122, 0.272858, 0.0, -0.018122, -0.999247, 0.0, 0.0, 0.0, 0.0, 1.0],
                [1.0, 0.0, 0.0, -0.0, 0.0, -0.999835, 0.018122, 0.272858, 0.0, -0.018122, -0.999247, 0.0, 0.0, 0.0, 0.0, 1.0]
            ]
        },
        {
            "name": "Elbow_L",
            "time": [0.0, 2.0],
            "transform": [
                [-1.0, 0.0, -0.0, 0.0, 0.0, -0.0, -1.0, 0.367127, -0.0, -1.0, -0.0, -0.0, 0.0, 0.0, 0.0, 1.0],
                [-1.0, 0.0, -0.0, 0.0, 0.0, -0.0, -1.0, 0.367127, -0.0, -1.0, -0.0, -0.0, 0.0, 0.0, 0.0, 1.0]
            ]
        }
    ]
}