{
    "animation": [
        {
            "name": "Root",
            "time": [0.0, 1.3333],
            "transform": [
                [1.0, 0.0, 0.0, -5e-06, 0.0, 0.0, -1.0, 0.000946, 0.0, 1.0, 0.0, 0.744764, 0.0, 0.0, 0.0, 1.0],
                [1.0, 0.0, 0.0, -5e-06, 0.0, 0.0, -1.0, 0.000946, 0.0, 1.0, 0.0, 0.744764, 0.0, 0.0, 0.0, 1.0]
            ]
        },
        {
            "name": "Thigh_R",
            "time": [0.0, 0.6667, 1.3333],
            "transform": [
                [0.961788, -0.178967, 0.207207, 0.120217, -0.0, -0.756793, -0.653653, -0.002831, 0.273795, 0.628674, -0.727876, 0.034213, 0.0, 0.0, 0.0, 1.0],
                [0.961788, 0.130853, 0.240502, 0.120217, -0.0, -0.878398, 0.477926, -0.002831, 0.273795, -0.459662, -0.844835, 0.034213, 0.0, 0.0, 0.0, 1.0],
                [0.961788, -0.178967, 0.207207, 0.120217, -0.0, -0.756793, -0.653653, -0.002831, 0.273795, 0.628674, -0.727876, 0.034213, 0.0, 0.0, 0.0, 1.0]
            ]
        },
        {
            "name": "Leg_R",
            "time": [0.0, 0.6667, 1.3333],
            "transform": [
                [1.0, -0.0, 1e-06, -0.0, -0.0, 0.892578, 0.450894, 0.37472, -1e-06, -0.450895, 0.892577, 0.0, 0.0, 0.0, 0.0, 1.0],
                [1.0, -0.0, 1e-06, 0.0, -0.0, 0.933109, 0.359594, 0.37472, -1e-06, -0.359595, 0.933108, 0.0, 0.0, 0.0, 0.0, 1.0],
                [1.0, -0.0, 1e-06, -0.0, -0.0, 0.892578, 0.450894, 0.37472, -1e-06, -0.450895, 0.892577, 0.0, 0.0, 0.0, 0.0, 1.0]
            ]
        },
        {
            "name": "Knee_R",
            "time": [0.0, 1.3333],
            "transform": [
                [1.0, 0.0, -0.0, -0.0, -0.0, 1e-06, -1.0, 0.37472, -0.0, 1.0, 1e-06, 0.0, 0.0, 0.0, 0.0, 1.0],
                [1.0, 0.0, -0.0, -0.0, -0.0, 1e-06, -1.0, 0.37472, -0.0, 1.0, 1e-06, 0.0, 0.0, 0.0, 0.0, 1.0]
            ]
        },
        {
            "name": "Thigh_L",
            "time": [0.0, 0.6667, 1.3333],
            "transform": [
                [0.961787, 0.135876, 0.2377, -0.12023, -0.0, -0.868167, 0.49627, -0.002831, 0.273795, -0.477306, -0.834993, -0.034236, 0.0, 0.0, 0.0, 1.0],
                [0.961787, -0.101835, 0.254152, -0.12023, -0.0, -0.928257, -0.371937, -0.002831, 0.273795, 0.357725, -0.892787, -0.034236, 0.0, 0.0, 0.0, 1.0],
                [0.961787, 0.135876, 0.2377, -0.12023, -0.0, -0.868167, 0.49627, -0.002831, 0.273795, -0.477306, -0.834993, -0.034236, 0.0, 0.0, 0.0, 1.0]
            ]
        },
        {
            "name": "Leg_L",
            "time": [0.0, 0.6667, 1.3333],
            "transform": [
                [1.0, -0.0, 1e-06, 0.0, -0.0, 0.858129, 0.513434, 0.37472, -1e-06, -0.513433, 0.85813, 0.0, 0.0, 0.0, 0.0, 1.0],
                [1.0, 0.0, 1e-06, -0.0, -0.0, 0.988385, 0.15197, 0.37472, -1e-06, -0.15197, 0.988385, 0.0, 0.0, 0.0, 0.0, 1.0],
                [1.0, -0.0, 1e-06, 0.0, -0.0, 0.858129, 0.513434, 0.37472, -1e-06, -0.513433, 0.85813, 0.0, 0.0, 0.0, 0.0, 1.0]
            ]
        },
        {
            "name": "Knee_L",
            "time": [0.0, 1.3333],
            "transform": [
                [1.0, 0.0, -0.0, 0.0, -0.0, 1e-06, -1.0, 0.376357, -0.0, 1.0, 1e-06, 0.0, 0.0, 0.0, 0.0, 1.0],
                [1.0, 0.0, -0.0, 0.0, -0.0, 1e-06, -1.0, 0.376357, -0.0, 1.0, 1e-06, 0.0, 0.0, 0.0, 0.0, 1.0]
            ]
        },
        {
            "name": "Torso",
            "time": [0.0, 0.6667, 1.3333],
            "transform": [
                [0.916955, 0.0, -0.39899, 0.0, 0.0, 1.0, 0.0, 0.05, 0.39899, 0.0, 0.916955, 0.0, 0.0, 0.0, 0.0, 1.0],
                [0.916955, 0.042763, -0.396691, 0.0, 0.0, 0.99424, 0.107179, 0.05, 0.39899, -0.098278, 0.911674, 0.0, 0.0, 0.0, 0.0, 1.0],
                [0.916955, 0.0, -0.39899, 0.0, 0.0, 1.0, 0.0, 0.05, 0.39899, 0.0, 0.916955, 0.0, 0.0, 0.0, 0.0, 1.0]
            ]
        },
        {
            "name": "Chest",
            "time": [0.0, 0.6667, 1.3333],
            "transform": [
                [0.989211, -0.144386, -0.024796, 0.0, 0.144386, 0.932225, 0.331827, 0.3, -0.024796, -0.331827, 0.943014, -0.0, 0.0, 0.0, 0.0, 1.0],
                [0.989211, -0.146134, -0.01035, 0.0, 0.144386, 0.960545, 0.237711, 0.3, -0.024796, -0.23664, 0.971281, 0.0, 0.0, 0.0, 0.0, 1.0],
                [0.989211, -0.144386, -0.024796, 0.0, 0.144386, 0.932225, 0.331827, 0.3, -0.024796, -0.331827, 0.943014, -0.0, 0.0, 0.0, 0.0, 1.0]
            ]
        },
        {
            "name": "Head",
            "time": [0.0, 1.3333],
            "transform": [
                [0.926673, 0.040036, 0.373731, -0.0, -0.0, 0.994311, -0.106515, 0.4, -0.375869, 0.098704, 0.921401, -0.0, 0.0, 0.0, 0.0, 1.0],
                [0.926673, 0.040036, 0.373731, -0.0, -0.0, 0.994311, -0.106515, 0.4, -0.375869, 0.098704, 0.921401, -0.0, 0.0, 0.0, 0.0, 1.0]
            ]
        },
        {
            "name": "Shoulder_R",
            "time": [0.0, 0.6667, 1.3333],
            "transform": [
                [-0.272639, 0.912244, 0.305743, -0.0, 0.08755, -0.29294, 0.952114, 0.4, 0.958124, 0.286351, -0.0, -0.0, 0.0, 0.0, 0.0, 1.0],
                [-0.272639, 0.782727, 0.55947, -0.0, 0.08755, -0.558903, 0.824598, 0.4, 0.958124, 0.273799, 0.083851, 0.0, 0.0, 0.0, 0.0, 1.0],
                [-0.272639, 0.912244, 0.305743, -0.0, 0.08755, -0.29294, 0.952114, 0.4, 0.958124, 0.286351, -0.0, -0.0, 0.0, 0.0, 0.0, 1.0]
            ]
        },
        {
            "name": "Arm_R",
            "time": [0.0, 0.6667, 1.3333],
            "transform": [
                [-0.322154, 0.0, -0.946687, -0.0, 0.793336, 0.54565, -0.26997, 0.393861, 0.51656, -0.838013, -0.175784, 0.0, 0.0, 0.0, 0.0, 1.0],
                [-0.322155, 0.384554, -0.865063, -0.0, 0.793336, 0.608269, -0.025044, 0.39386, 0.51656, -0.694354, -0.501037, 0.0, 0.0, 0.0, 0.0, 1.0],
                [-0.322154, 0.0, -0.946687, -0.0, 0.793336, 0.54565, -0.26997, 0.393861, 0.51656, -0.838013, -0.175784, 0.0, 0.0, 0.0, 0.0, 1.0]
            ]
        },
        {
            "name": "Hand_R",
            "time": [0.0, 0.6667, 1.3333],
            "transform": [
                [1.0, 0.0, 0.0, 0.0, -0.0, 0.93777, -0.347259, 0.3, -0.0, 0.347259, 0.93777, 0.0, 0.0, 0.0, 0.0, 1.0],
                [1.0, 0.0, 0.0, -0.0, -0.0, 0.99629, -0.086063, 0.3, -0.0, 0.086063, 0.99629, 0.0, 0.0, 0.0, 0.0, 1.0],
                [1.0, 0.0, 0.0, 0.0, -0.0, 0.93777, -0.347259, 0.3, -0.0, 0.347259, 0.93777, 0.0, 0.0, 0.0, 0.0, 1.0]
            ]
        },
        {
            "name": "Tool_R",
            "time": [0.0, 1.3333],
            "transform": [
                [1.0, -0.0, 0.0, -0.0, 0.0, -0.999836, 0.018122, 0.272858, 0.0, -0.018122, -0.999244, -0.0, 0.0, 0.0, 0.0, 1.0],
                [1.0, -0.0, 0.0, -0.0, 0.0, -0.999836, 0.018122, 0.272858, 0.0, -0.018122, -0.999244, -0.0, 0.0, 0.0, 0.0, 1.0]
            ]
        },
        {
            "name": "Elbow_R",
            "time": [0.0, 1.3333],
            "transform": [
                [-1.0, 0.0, 0.0, 0.0, 0.0, -0.0, -1.0, 0.343558, -0.0, -1.0, 0.0, 0.0, 0.0, 0.0, 0.0, 1.0],
                [-1.0, 0.0, 0.0, 0.0, 0.0, -0.0, -1.0, 0.343558, -0.0, -1.0, 0.0, 0.0, 0.0, 0.0, 0.0, 1.0]
            ]
        },
        {
            "name": "Shoulder_L",
            "time": [0.0, 0.6667, 1.3333],
            "transform": [
                [-0.0, -0.952114, -0.305743, -0.0, 0.0, -0.305743, 0.952114, 0.4, -1.0, -0.0, 0.0, -0.0, 0.0, 0.0, 0.0, 1.0],
                [-0.0, -0.990079, -0.140512, -0.0, 0.0, -0.140512, 0.990079, 0.4, -1.0, 0.0, 0.0, 0.0, 0.0, 0.0, 0.0, 1.0],
                [-0.0, -0.952114, -0.305743, -0.0, 0.0, -0.305743, 0.952114, 0.4, -1.0, -0.0, 0.0, -0.0, 0.0, 0.0, 0.0, 1.0]
            ]
        },
        {
            "name": "Arm_L",
            "time": [0.0, 0.6667, 1.3333],
            "transform": [
                [-0.310213, 0.755404, 0.577176, 0.0, -0.582646, 0.328664, -0.743306, 0.39386, -0.751194, -0.566873, 0.338177, 0.0, 0.0, 0.0, 0.0, 1.0],
                [-0.310213, 0.885142, 0.346829, -0.0, -0.582646, 0.111258, -0.805075, 0.39386, -0.751193, -0.451824, 0.481211, 0.0, 0.0, 0.0, 0.0, 1.0],
                [-0.310213, 0.755404, 0.577176, 0.0, -0.582646, 0.328664, -0.743306, 0.39386, -0.751194, -0.566873, 0.338177, 0.0, 0.0, 0.0, 0.0, 1.0]
            ]
        },
        {
            "name": "Hand_L",
            "time": [0.0, 0.6667, 1.3333],
            "transform": [
                [1.0, -0.0, -0.0, -0.0, -0.0, 0.319186, -0.947692, 0.3, -0.0, 0.947692, 0.319186, 0.0, 0.0, 0.0, 0.0, 1.0],
                [1.0, 0.0, 0.0, -0.0, 0.0, 0.54208, -0.840326, 0.3, -0.0, 0.840326, 0.54208, 0.0, 0.0, 0.0, 0.0, 1.0],
                [1.0, -0.0, -0.0, -0.0, -0.0, 0.319186, -0.947692, 0.3, -0.0, 0.947692, 0.319186, 0.0, 0.0, 0.0, 0.0, 1.0]
            ]
        },
        {
            "name": "Tool_L",
            "time": [0.0, 1.3333],
            "transform": [
                [1.0, 0.0, 0.0, 0.0, -0.0, -0.999836, 0.018122, 0.272858, 0.0, -0.018122, -0.999248, 0.0, 0.0, 0.0, 0.0, 1.0],
                [1.0, 0.0, 0.0, 0.0, -0.0, -0.999836, 0.018122, 0.272858, 0.0, -0.018122, -0.999248, 0.0, 0.0, 0.0, 0.0, 1.0]
            ]
        },
        {
            "name": "Elbow_L",
            "time": [0.0, 1.3333],
            "transform": [
                [-1.0, 0.0, -0.0, 0.0, 0.0, -0.0, -1.0, 0.427081, -0.0, -1.0, -0.0, 0.0, 0.0, 0.0, 0.0, 1.0],
                [-1.0, 0.0, -0.0, 0.0, 0.0, -0.0, -1.0, 0.427081, -0.0, -1.0, -0.0, 0.0, 0.0, 0.0, 0.0, 1.0]
            ]
        }
    ]
}