{
    "animation": [
        {
            "name": "Root",
            "time": [0.0, 1.3333],
            "transform": [
                [1.0, 0.0, 0.0, -5e-06, 0.0, 0.0, -1.0, 0.000946, 0.0, 1.0, 0.0, 0.763972, 0.0, 0.0, 0.0, 1.0],
                [1.0, 0.0, 0.0, -5e-06, 0.0, 0.0, -1.0, 0.000946, 0.0, 1.0, 0.0, 0.763972, 0.0, 0.0, 0.0, 1.0]
            ]
        },
        {
            "name": "Thigh_R",
            "time": [0.0, 1.3333],
            "transform": [
                [1.0, -0.0, -0.0, 0.124994, 0.0, -0.999998, 1e-06, -0.002831, -0.0, -0.0, -1.0, -1.2e-05, 0.0, 0.0, 0.0, 1.0],
                [1.0, -0.0, -0.0, 0.124994, 0.0, -0.999998, 1e-06, -0.002831, -0.0, -0.0, -1.0, -1.2e-05, 0.0, 0.0, 0.0, 1.0]
            ]
        },
        {
            "name": "Leg_R",
            "time": [0.0, 1.3333],
            "transform": [
                [1.0, 0.0, 1e-06, 0.0, -0.0, 1.000001, 0.0, 0.37472, -1e-06, -0.0, 0.999999, -0.0, 0.0, 0.0, 0.0, 1.0],
                [1.0, 0.0, 1e-06, 0.0, -0.0, 1.000001, 0.0, 0.37472, -1e-06, -0.0, 0.999999, -0.0, 0.0, 0.0, 0.0, 1.0]
            ]
        },
        {
            "name": "Knee_R",
            "time": [0.0, 1.3333],
            "transform": [
                [1.0, 0.0, -0.0, 0.0, -0.0, 1e-06, -1.0, 0.37472, -0.0, 1.0, 1e-06, -0.0, 0.0, 0.0, 0.0, 1.0],
                [1.0, 0.0, -0.0, 0.0, -0.0, 1e-06, -1.0, 0.37472, -0.0, 1.0, 1e-06, -0.0, 0.0, 0.0, 0.0, 1.0]
            ]
        },
        {
            "name": "Thigh_L",
            "time": [0.0, 1.3333],
            "transform": [
                [1.0, -0.0, -0.0, -0.125006, 0.0, -0.999999, 1e-06, -0.002831, -0.0, -0.0, -1.0, -1.2e-05, 0.0, 0.0, 0.0, 1.0],
                [1.0, -0.0, -0.0, -0.125006, 0.0, -0.999999, 1e-06, -0.002831, -0.0, -0.0, -1.0, -1.2e-05, 0.0, 0.0, 0.0, 1.0]
            ]
        },
        {
            "name": "Leg_L",
            "time": [0.0, 1.3333],
            "transform": [
                [1.0, 0.0, 1e-06, -0.0, -0.0, 1.0, 0.0, 0.37472, -1e-06, -0.0, 1.0, 0.0, 0.0, 0.0, 0.0, 1.0],
                [1.0, 0.0, 1e-06, -0.0, -0.0, 1.0, 0.0, 0.37472, -1e-06, -0.0, 1.0, 0.0, 0.0, 0.0, 0.0, 1.0]
            ]
        },
        {
            "name": "Knee_L",
            "time": [0.0, 1.3333],
            "transform": [
                [1.0, 0.0, -0.0, -0.0, -0.0, 1e-06, -1.0, 0.37472, -0.0, 1.0, 1e-06, 0.0, 0.0, 0.0, 0.0, 1.0],
                [1.0, 0.0, -0.0, -0.0, -0.0, 1e-06, -1.0, 0.37472, -0.0, 1.0, 1e-06, 0.0, 0.0, 0.0, 0.0, 1.0]
            ]
        },
        {
            "name": "Torso",
            "time": [0.0, 1.3333],
            "transform": [
                [0.93767, -0.250654, 0.240721, 0.0, 0.0, 0.692672, 0.721253, 0.05, -0.347526, -0.676298, 0.649498, 0.0, 0.0, 0.0, 0.0, 1.0],
                [0.93767, -0.250654, 0.240721, 0.0, 0.0, 0.692672, 0.721253, 0.05, -0.347526, -0.676298, 0.649498, 0.0, 0.0, 0.0, 0.0, 1.0]
            ]
        },
        {
            "name": "Chest",
            "time": [0.0, 0.3333, 0.6667, 1.0, 1.3333],
            "transform": [
                [0.787789, 0.035851, 0.614901, -0.0, 0.028104, 0.995173, -0.094029, 0.3, -0.615304, 0.091356, 0.782979, 0.0, 0.0, 0.0, 0.0, 1.0],
                [0.787789, -0.139402, 0.599963, -0.0, 0.028104, 0.981173, 0.191073, 0.3, -0.615304, -0.133664, 0.776875, 0.0, 0.0, 0.0, 0.0, 1.0],
                [0.787789, 0.0019, 0.615942, -0.0, 0.028104, 0.998843, -0.039026, 0.3, -0.615304, 0.048055, 0.786824, 0.0, 0.0, 0.0, 0.0, 1.0],
                [0.787789, -0.139402, 0.599963, -0.0, 0.028104, 0.981173, 0.191073, 0.3, -0.615304, -0.133664, 0.776875, 0.0, 0.0, 0.0, 0.0, 1.0],
                [0.787789, 0.035851, 0.614901, -0.0, 0.028104, 0.995173, -0.094029, 0.3, -0.615304, 0.091356, 0.782979, 0.0, 0.0, 0.0, 0.0, 1.0]
            ]
        },
        {
            "name": "Head",
            "time": [0.0, 1.3333],
            "transform": [
                [0.86834, -0.165293, -0.467615, -0.0, -0.112597, 0.852513, -0.510435, 0.4, 0.483019, 0.495883, 0.72166, -0.0, 0.0, 0.0, 0.0, 1.0],
                [0.86834, -0.165293, -0.467615, -0.0, -0.112597, 0.852513, -0.510435, 0.4, 0.483019, 0.495883, 0.72166, -0.0, 0.0, 0.0, 0.0, 1.0]
            ]
        },
        {
            "name": "Shoulder_R",
            "time": [0.0, 1.3333],
            "transform": [
                [0.171009, 0.93663, 0.305743, -0.0, -0.054915, -0.300771, 0.952114, 0.4, 0.983738, -0.17961, -0.0, -0.0, 0.0, 0.0, 0.0, 1.0],
                [0.171009, 0.93663, 0.305743, -0.0, -0.054915, -0.300771, 0.952114, 0.4, 0.983738, -0.17961, -0.0, -0.0, 0.0, 0.0, 0.0, 1.0]
            ]
        },
        {
            "name": "Arm_R",
            "time": [0.0, 0.3333, 0.6667, 1.0, 1.3333],
            "transform": [
                [0.00355, -0.930015, 0.367505, 0.0, -0.707208, -0.262163, -0.656603, 0.39386, 0.706996, -0.257571, -0.658645, 0.0, 0.0, 0.0, 0.0, 1.0],
                [0.00355, -0.99852, -0.05426, -0.0, -0.707208, 0.035855, -0.706096, 0.393861, 0.706996, 0.040879, -0.706035, 0.0, 0.0, 0.0, 0.0, 1.0],
                [0.00355, -0.930119, -0.36724, -0.0, -0.707208, 0.257306, -0.658521, 0.393861, 0.706996, 0.262053, -0.656875, 0.0, 0.0, 0.0, 0.0, 1.0],
                [0.00355, -0.99852, -0.05426, -0.0, -0.707208, 0.035855, -0.706096, 0.393861, 0.706996, 0.040879, -0.706035, 0.0, 0.0, 0.0, 0.0, 1.0],
                [0.00355, -0.930015, 0.367505, 0.0, -0.707208, -0.262163, -0.656603, 0.39386, 0.706996, -0.257571, -0.658645, 0.0, 0.0, 0.0, 0.0, 1.0]
            ]
        },
        {
            "name": "Hand_R",
            "time": [0.0, 0.3333, 1.3333],
            "transform": [
                [1.0, 0.0, 0.0, 0.0, -0.0, 0.993687, -0.112188, 0.3, -0.0, 0.112188, 0.993687, 0.0, 0.0, 0.0, 0.0, 1.0],
                [1.0, 0.0, 0.0, -0.0, 0.0, 0.938164, -0.346192, 0.3, -0.0, 0.346192, 0.938164, 0.0, 0.0, 0.0, 0.0, 1.0],
                [1.0, 0.0, 0.0, 0.0, -0.0, 0.993687, -0.112188, 0.3, -0.0, 0.112188, 0.993687, 0.0, 0.0, 0.0, 0.0, 1.0]
            ]
        },
        {
            "name": "Tool_R",
            "time": [0.0, 1.3333],
            "transform": [
                [1.0, 0.0, 0.0, -0.0, 0.0, -0.999836, 0.018122, 0.272858, 0.0, -0.018122, -0.999244, -0.0, 0.0, 0.0, 0.0, 1.0],
                [1.0, 0.0, 0.0, -0.0, 0.0, -0.999836, 0.018122, 0.272858, 0.0, -0.018122, -0.999244, -0.0, 0.0, 0.0, 0.0, 1.0]
            ]
        },
        {
            "name": "Elbow_R",
            "time": [0.0, 1.3333],
            "transform": [
                [-1.0, 0.0, -0.0, 0.0, 0.0, -0.0, -1.0, 0.32086, -0.0, -1.0, 0.0, -0.0, 0.0, 0.0, 0.0, 1.0],
                [-1.0, 0.0, -0.0, 0.0, 0.0, -0.0, -1.0, 0.32086, -0.0, -1.0, 0.0, -0.0, 0.0, 0.0, 0.0, 1.0]
            ]
        },
        {
            "name": "Shoulder_L",
            "time": [0.0, 1.3333],
            "transform": [
                [-0.532298, -0.789417, -0.305743, -0.0, -0.170932, -0.253498, 0.952114, 0.4, -0.829121, 0.55907, 0.0, -0.0, 0.0, 0.0, 0.0, 1.0],
                [-0.532298, -0.789417, -0.305743, -0.0, -0.170932, -0.253498, 0.952114, 0.4, -0.829121, 0.55907, 0.0, -0.0, 0.0, 0.0, 0.0, 1.0]
            ]
        },
        {
            "name": "Arm_L",
            "time": [0.0, 0.3333, 0.6667, 1.0, 1.3333],
            "transform": [
                [-0.0, 0.0, 1.0, -0.0, 0.253461, 0.967346, -0.0, 0.39386, -0.967346, 0.253461, -0.0, 0.0, 0.0, 0.0, 0.0, 1.0],
                [-0.0, 0.254058, 0.967189, 0.0, 0.253461, 0.935606, -0.245762, 0.39386, -0.967346, 0.245145, -0.064394, 0.0, 0.0, 0.0, 0.0, 1.0],
                [-0.0, 0.860462, 0.509514, 0.0, 0.253461, 0.492876, -0.832365, 0.39386, -0.967346, 0.129142, -0.218094, -0.0, 0.0, 0.0, 0.0, 1.0],
                [-0.0, 0.254058, 0.967189, 0.0, 0.253461, 0.935606, -0.245762, 0.39386, -0.967346, 0.245145, -0.064394, 0.0, 0.0, 0.0, 0.0, 1.0],
                [-0.0, 0.0, 1.0, -0.0, 0.253461, 0.967346, -0.0, 0.39386, -0.967346, 0.253461, -0.0, 0.0, 0.0, 0.0, 0.0, 1.0]
            ]
        },
        {
            "name": "Hand_L",
            "time": [0.0, 0.3333, 1.3333],
            "transform": [
                [1.0, 0.0, 0.0, 0.0, -0.0, 0.879849, -0.475255, 0.3, -0.0, 0.475255, 0.879848, -0.0, 0.0, 0.0, 0.0, 1.0],
                [1.0, 0.0, 0.0, -0.0, -0.0, 0.718258, -0.695776, 0.3, -0.0, 0.695776, 0.718259, -0.0, 0.0, 0.0, 0.0, 1.0],
                [1.0, 0.0, 0.0, 0.0, -0.0, 0.879849, -0.475255, 0.3, -0.0, 0.475255, 0.879848, -0.0, 0.0, 0.0, 0.0, 1.0]
            ]
        },
        {
            "name": "Tool_L",
            "time": [0.0, 1.3333],
            "transform": [
                [0.0, 0.0, -0.0, 0.974721, 0.0, 0.0, -0.0, 0.488749, 0.0, 0.0, -0.0, 0.003913, 0.0, 0.0, 0.0, 1.0],
                [0.0, 0.0, -0.0, 0.974721, 0.0, 0.0, -0.0, 0.488749, 0.0, 0.0, -0.0, 0.003913, 0.0, 0.0, 0.0, 1.0]
            ]
        },
        {
            "name": "Elbow_L",
            "time": [0.0, 1.3333],
            "transform": [
                [-1.0, 0.0, -0.0, 0.0, 0.0, -0.0, -1.0, 0.356735, -0.0, -1.0, -0.0, -0.0, 0.0, 0.0, 0.0, 1.0],
                [-1.0, 0.0, -0.0, 0.0, 0.0, -0.0, -1.0, 0.356735, -0.0, -1.0, -0.0, -0.0, 0.0, 0.0, 0.0, 1.0]
            ]
        }
    ]
}