{
    "animation": [
        {
            "name": "Root",
            "time": [0.0, 2.0],
            "transform": [
                [1.0, 0.0, 0.0, -5e-06, 0.0, 0.0, -1.0, 0.000946, 0.0, 1.0, 0.0, 0.763972, 0.0, 0.0, 0.0, 1.0],
                [1.0, 0.0, 0.0, -5e-06, 0.0, 0.0, -1.0, 0.000946, 0.0, 1.0, 0.0, 0.763972, 0.0, 0.0, 0.0, 1.0]
            ]
        },
        {
            "name": "Thigh_R",
            "time": [0.0, 2.0],
            "transform": [
                [1.0, -0.0, -0.0, 0.124994, 0.0, -0.999998, 1e-06, -0.002831, -0.0, -0.0, -1.0, -1.2e-05, 0.0, 0.0, 0.0, 1.0],
                [1.0, -0.0, -0.0, 0.124994, 0.0, -0.999998, 1e-06, -0.002831, -0.0, -0.0, -1.0, -1.2e-05, 0.0, 0.0, 0.0, 1.0]
            ]
        },
        {
            "name": "Leg_R",
            "time": [0.0, 2.0],
            "transform": [
                [1.0, 0.0, 1e-06, 0.0, -0.0, 1.000001, 0.0, 0.37472, -1e-06, -0.0, 0.999999, -0.0, 0.0, 0.0, 0.0, 1.0],
                [1.0, 0.0, 1e-06, 0.0, -0.0, 1.000001, 0.0, 0.37472, -1e-06, -0.0, 0.999999, -0.0, 0.0, 0.0, 0.0, 1.0]
            ]
        },
        {
            "name": "Knee_R",
            "time": [0.0, 2.0],
            "transform": [
                [1.0, 0.0, -0.0, 0.0, -0.0, 1e-06, -1.0, 0.37472, -0.0, 1.0, 1e-06, -0.0, 0.0, 0.0, 0.0, 1.0],
                [1.0, 0.0, -0.0, 0.0, -0.0, 1e-06, -1.0, 0.37472, -0.0, 1.0, 1e-06, -0.0, 0.0, 0.0, 0.0, 1.0]
            ]
        },
        {
            "name": "Thigh_L",
            "time": [0.0, 2.0],
            "transform": [
                [1.0, -0.0, -0.0, -0.125006, 0.0, -0.999999, 1e-06, -0.002831, -0.0, -0.0, -1.0, -1.2e-05, 0.0, 0.0, 0.0, 1.0],
                [1.0, -0.0, -0.0, -0.125006, 0.0, -0.999999, 1e-06, -0.002831, -0.0, -0.0, -1.0, -1.2e-05, 0.0, 0.0, 0.0, 1.0]
            ]
        },
        {
            "name": "Leg_L",
            "time": [0.0, 2.0],
            "transform": [
                [1.0, 0.0, 1e-06, -0.0, -0.0, 1.0, 0.0, 0.37472, -1e-06, -0.0, 1.0, 0.0, 0.0, 0.0, 0.0, 1.0],
                [1.0, 0.0, 1e-06, -0.0, -0.0, 1.0, 0.0, 0.37472, -1e-06, -0.0, 1.0, 0.0, 0.0, 0.0, 0.0, 1.0]
            ]
        },
        {
            "name": "Knee_L",
            "time": [0.0, 2.0],
            "transform": [
                [1.0, 0.0, -0.0, -0.0, -0.0, 1e-06, -1.0, 0.37472, -0.0, 1.0, 1e-06, 0.0, 0.0, 0.0, 0.0, 1.0],
                [1.0, 0.0, -0.0, -0.0, -0.0, 1e-06, -1.0, 0.37472, -0.0, 1.0, 1e-06, 0.0, 0.0, 0.0, 0.0, 1.0]
            ]
        },
        {
            "name": "Torso",
            "time": [0.0, 1.0, 2.0],
            "transform": [
                [0.954445, 0.0, -0.298386, 0.0, 0.0, 1.0, 0.0, 0.05, 0.298386, 0.0, 0.954445, 0.0, 0.0, 0.0, 0.0, 1.0],
                [0.954445, 0.040326, -0.295649, 0.0, -0.0, 0.990826, 0.135146, 0.05, 0.298386, -0.128989, 0.945689, 0.0, 0.0, 0.0, 0.0, 1.0],
                [0.954445, 0.0, -0.298386, 0.0, 0.0, 1.0, 0.0, 0.05, 0.298386, 0.0, 0.954445, 0.0, 0.0, 0.0, 0.0, 1.0]
            ]
        },
        {
            "name": "Chest",
            "time": [0.0, 1.0, 2.0],
            "transform": [
                [0.974468, 0.0, 0.224525, 0.0, 0.0, 1.0, 0.0, 0.3, -0.224525, 0.0, 0.974468, -0.0, 0.0, 0.0, 0.0, 1.0],
                [0.974468, -0.030248, 0.222478, 0.0, 0.0, 0.990884, 0.134721, 0.3, -0.224525, -0.131281, 0.965585, -0.0, 0.0, 0.0, 0.0, 1.0],
                [0.974468, 0.0, 0.224525, 0.0, 0.0, 1.0, 0.0, 0.3, -0.224525, 0.0, 0.974468, -0.0, 0.0, 0.0, 0.0, 1.0]
            ]
        },
        {
            "name": "Head",
            "time": [0.0, 1.0, 2.0],
            "transform": [
                [1.0, 0.0, 0.0, 0.0, 0.0, 0.933444, 0.358723, 0.4, -0.0, -0.358723, 0.933444, -0.0, 0.0, 0.0, 0.0, 1.0],
                [1.0, -0.0, 0.0, 0.0, -0.0, 0.999536, 0.030454, 0.4, -0.0, -0.030454, 0.999536, -0.0, 0.0, 0.0, 0.0, 1.0],
                [1.0, 0.0, 0.0, 0.0, 0.0, 0.933444, 0.358723, 0.4, -0.0, -0.358723, 0.933444, -0.0, 0.0, 0.0, 0.0, 1.0]
            ]
        },
        {
            "name": "Shoulder_R",
            "time": [0.0, 2.0],
            "transform": [
                [-0.388151, 0.869402, 0.305743, 0.0, 0.124643, -0.279183, 0.952114, 0.4, 0.913128, 0.407673, -0.0, -0.0, 0.0, 0.0, 0.0, 1.0],
                [-0.388151, 0.869402, 0.305743, 0.0, 0.124643, -0.279183, 0.952114, 0.4, 0.913128, 0.407673, -0.0, -0.0, 0.0, 0.0, 0.0, 1.0]
            ]
        },
        {
            "name": "Arm_R",
            "time": [0.0, 1.0, 2.0],
            "transform": [
                [0.468778, -0.760183, 0.449854, -0.0, 0.879018, 0.451645, -0.152787, 0.393861, -0.087028, 0.467053, 0.879936, -0.0, 0.0, 0.0, 0.0, 1.0],
                [0.782096, -0.431228, 0.449854, -0.0, 0.543118, 0.825639, -0.152787, 0.393861, -0.305531, 0.363818, 0.879936, 0.0, 0.0, 0.0, 0.0, 1.0],
                [0.468778, -0.760183, 0.449854, -0.0, 0.879018, 0.451645, -0.152787, 0.393861, -0.087028, 0.467053, 0.879936, -0.0, 0.0, 0.0, 0.0, 1.0]
            ]
        },
        {
            "name": "Hand_R",
            "time": [0.0, 2.0],
            "transform": [
                [1.0, 0.0, -0.0, 0.0, -0.0, 0.316236, -0.948681, 0.3, -0.0, 0.948681, 0.316236, -0.0, 0.0, 0.0, 0.0, 1.0],
                [1.0, 0.0, -0.0, 0.0, -0.0, 0.316236, -0.948681, 0.3, -0.0, 0.948681, 0.316236, -0.0, 0.0, 0.0, 0.0, 1.0]
            ]
        },
        {
            "name": "Tool_R",
            "time": [0.0, 2.0],
            "transform": [
                [1.0, 0.0, 0.0, 0.0, 0.0, -0.999836, 0.018122, 0.272858, 0.0, -0.018122, -0.999244, -0.0, 0.0, 0.0, 0.0, 1.0],
                [1.0, 0.0, 0.0, 0.0, 0.0, -0.999836, 0.018122, 0.272858, 0.0, -0.018122, -0.999244, -0.0, 0.0, 0.0, 0.0, 1.0]
            ]
        },
        {
            "name": "Elbow_R",
            "time": [0.0, 2.0],
            "transform": [
                [-1.0, 0.0, -0.0, 0.0, 0.0, -0.0, -1.0, 0.427372, -0.0, -1.0, 0.0, -0.0, 0.0, 0.0, 0.0, 1.0],
                [-1.0, 0.0, -0.0, 0.0, 0.0, -0.0, -1.0, 0.427372, -0.0, -1.0, 0.0, -0.0, 0.0, 0.0, 0.0, 1.0]
            ]
        },
        {
            "name": "Shoulder_L",
            "time": [0.0, 2.0],
            "transform": [
                [-0.0, -0.952114, -0.305743, 0.0, 0.0, -0.305743, 0.952114, 0.4, -1.0, 0.0, 0.0, -0.0, 0.0, 0.0, 0.0, 1.0],
                [-0.0, -0.952114, -0.305743, 0.0, 0.0, -0.305743, 0.952114, 0.4, -1.0, 0.0, 0.0, -0.0, 0.0, 0.0, 0.0, 1.0]
            ]
        },
        {
            "name": "Arm_L",
            "time": [0.0, 1.0, 2.0],
            "transform": [
                [-0.0, 0.0, 1.0, 0.0, -0.788072, 0.615583, -0.0, 0.39386, -0.615583, -0.788072, -0.0, 0.0, 0.0, 0.0, 0.0, 1.0],
                [-0.0, -0.534707, 0.845037, -0.0, -0.651256, 0.641264, 0.405767, 0.39386, -0.758858, -0.550335, -0.348231, 0.0, 0.0, 0.0, 0.0, 1.0],
                [-0.0, 0.0, 1.0, 0.0, -0.788072, 0.615583, -0.0, 0.39386, -0.615583, -0.788072, -0.0, 0.0, 0.0, 0.0, 0.0, 1.0]
            ]
        },
        {
            "name": "Hand_L",
            "time": [0.0, 2.0],
            "transform": [
                [1.0, 0.0, 0.0, -0.0, -0.0, 0.879848, -0.475255, 0.3, -0.0, 0.475255, 0.879848, -0.0, 0.0, 0.0, 0.0, 1.0],
                [1.0, 0.0, 0.0, -0.0, -0.0, 0.879848, -0.475255, 0.3, -0.0, 0.475255, 0.879848, -0.0, 0.0, 0.0, 0.0, 1.0]
            ]
        },
        {
            "name": "Tool_L",
            "time": [0.0, 2.0],
            "transform": [
                [0.0, 0.0, -0.0, 0.974721, 0.0, 0.0, -0.0, 0.488749, 0.0, 0.0, -0.0, 0.003913, 0.0, 0.0, 0.0, 1.0],
                [0.0, 0.0, -0.0, 0.974721, 0.0, 0.0, -0.0, 0.488749, 0.0, 0.0, -0.0, 0.003913, 0.0, 0.0, 0.0, 1.0]
            ]
        },
        {
            "name": "Elbow_L",
            "time": [0.0, 2.0],
            "transform": [
                [-1.0, 0.0, -0.0, 0.0, 0.0, -0.0, -1.0, 0.356735, -0.0, -1.0, -0.0, 0.0, 0.0, 0.0, 0.0, 1.0],
                [-1.0, 0.0, -0.0, 0.0, 0.0, -0.0, -1.0, 0.356735, -0.0, -1.0, -0.0, 0.0, 0.0, 0.0, 0.0, 1.0]
            ]
        }
    ]
}