{
    "animation": [
        {
            "name": "Root",
            "time": [0.0, 0.25, 0.3333],
            "transform": [
                [1.0, 0.0, 0.0, -5e-06, 0.0, 0.0, -1.0, 0.000946, 0.0, 1.0, 0.0, 0.763972, 0.0, 0.0, 0.0, 1.0],
                [1.0, 0.0, 0.0, -5e-06, 0.0, 0.0, -1.0, 0.000946, 0.0, 1.0, 0.0, 0.600526, 0.0, 0.0, 0.0, 1.0],
                [1.0, 0.0, 0.0, -5e-06, 0.0, 0.0, -1.0, 0.000946, 0.0, 1.0, 0.0, 0.600526, 0.0, 0.0, 0.0, 1.0]
            ]
        },
        {
            "name": "Thigh_R",
            "time": [0.0, 0.25, 0.3333],
            "transform": [
                [0.527419, 0.323059, 0.785788, 0.124994, -0.0, -0.924883, 0.380247, -0.002831, 0.849605, -0.200549, -0.487802, -1.2e-05, 0.0, 0.0, 0.0, 1.0],
                [0.527419, 0.713899, 0.460625, 0.124994, -0.0, -0.542162, 0.840274, -0.002831, 0.849605, -0.443175, -0.285947, -1.2e-05, 0.0, 0.0, 0.0, 1.0],
                [0.527419, 0.713899, 0.460625, 0.124994, -0.0, -0.542162, 0.840274, -0.002831, 0.849605, -0.443175, -0.285947, -1.2e-05, 0.0, 0.0, 0.0, 1.0]
            ]
        },
        {
            "name": "Leg_R",
            "time": [0.0, 0.25, 0.3333],
            "transform": [
                [1.0, 0.0, 1e-06, -0.0, -0.0, 0.956255, 0.292535, 0.37472, -1e-06, -0.292536, 0.956254, 0.0, 0.0, 0.0, 0.0, 1.0],
                [1.0, -0.0, 1e-06, -0.0, -0.0, 0.498009, 0.867171, 0.37472, -1e-06, -0.867173, 0.498008, -0.0, 0.0, 0.0, 0.0, 1.0],
                [1.0, -0.0, 1e-06, -0.0, -0.0, 0.498009, 0.867171, 0.37472, -1e-06, -0.867173, 0.498008, -0.0, 0.0, 0.0, 0.0, 1.0]
            ]
        },
        {
            "name": "Knee_R",
            "time": [0.0, 0.3333],
            "transform": [
                [1.0, 0.0, -0.0, 0.0, -0.0, 1e-06, -1.0, 0.37472, -0.0, 1.0, 1e-06, 0.0, 0.0, 0.0, 0.0, 1.0],
                [1.0, 0.0, -0.0, -0.0, -0.0, 1e-06, -1.0, 0.429962, -0.0, 1.0, 1e-06, -0.0, 0.0, 0.0, 0.0, 1.0]
            ]
        },
        {
            "name": "Thigh_L",
            "time": [0.0, 0.25, 0.3333],
            "transform": [
                [0.958943, -0.069415, -0.274969, -0.125006, 0.0, -0.969581, 0.244767, -0.002831, -0.283596, -0.234718, -0.929774, -1.2e-05, 0.0, 0.0, 0.0, 1.0],
                [0.85671, -0.510971, -0.070394, -0.125006, -0.26015, -0.545897, 0.796441, -0.002831, -0.445386, -0.664006, -0.600605, -1.2e-05, 0.0, 0.0, 0.0, 1.0],
                [0.85671, -0.510971, -0.070394, -0.125006, -0.26015, -0.545897, 0.796441, -0.002831, -0.445386, -0.664006, -0.600605, -1.2e-05, 0.0, 0.0, 0.0, 1.0]
            ]
        },
        {
            "name": "Leg_L",
            "time": [0.0, 0.25, 0.3333],
            "transform": [
                [1.0, 0.0, 1e-06, -0.0, -0.0, 0.969191, 0.246307, 0.37472, -1e-06, -0.246307, 0.969192, -0.0, 0.0, 0.0, 0.0, 1.0],
                [1.0, -1e-06, 1e-06, -0.0, -0.0, 0.445746, 0.89516, 0.37472, -1e-06, -0.895159, 0.445746, 0.0, 0.0, 0.0, 0.0, 1.0],
                [1.0, -1e-06, 1e-06, -0.0, -0.0, 0.445746, 0.89516, 0.37472, -1e-06, -0.895159, 0.445746, 0.0, 0.0, 0.0, 0.0, 1.0]
            ]
        },
        {
            "name": "Knee_L",
            "time": [0.0, 0.3333],
            "transform": [
                [1.0, 0.0, -0.0, -0.0, -0.0, 1e-06, -1.0, 0.37472, -0.0, 1.0, 1e-06, 0.0, 0.0, 0.0, 0.0, 1.0],
                [1.0, 0.0, -0.0, 0.0, -0.0, 1e-06, -1.0, 0.43619, -0.0, 1.0, 1e-06, 0.0, 0.0, 0.0, 0.0, 1.0]
            ]
        },
        {
            "name": "Torso",
            "time": [0.0, 0.3333],
            "transform": [
                [1.0, 0.0, 0.0, 0.0, 0.0, 1.0, 0.0, 0.05, 0.0, 0.0, 1.0, 0.0, 0.0, 0.0, 0.0, 1.0],
                [1.0, 0.0, 0.0, 0.0, 0.0, 1.0, 0.0, 0.05, 0.0, 0.0, 1.0, 0.0, 0.0, 0.0, 0.0, 1.0]
            ]
        },
        {
            "name": "Chest",
            "time": [0.0, 0.25, 0.3333],
            "transform": [
                [0.89725, 0.0, -0.441523, 0.0, 0.0, 1.0, 0.0, 0.3, 0.441523, 0.0, 0.89725, 0.0, 0.0, 0.0, 0.0, 1.0],
                [0.89725, 0.234001, -0.374414, 0.0, -0.0, 0.848006, 0.529987, 0.3, 0.441523, -0.47553, 0.760874, 0.0, 0.0, 0.0, 0.0, 1.0],
                [0.89725, 0.234001, -0.374414, 0.0, -0.0, 0.848006, 0.529987, 0.3, 0.441523, -0.47553, 0.760874, 0.0, 0.0, 0.0, 0.0, 1.0]
            ]
        },
        {
            "name": "Head",
            "time": [0.0, 0.1667, 0.3333],
            "transform": [
                [0.968178, 0.0, 0.250262, -0.0, 0.0, 1.0, 0.0, 0.4, -0.250262, 0.0, 0.968178, 0.0, 0.0, 0.0, 0.0, 1.0],
                [0.968178, -0.084968, 0.235396, 0.0, -0.0, 0.9406, 0.339517, 0.4, -0.250262, -0.328713, 0.910668, -0.0, 0.0, 0.0, 0.0, 1.0],
                [0.968178, 0.105011, 0.227164, 0.0, -0.0, 0.907708, -0.419603, 0.4, -0.250262, 0.406251, 0.878823, -0.0, 0.0, 0.0, 0.0, 1.0]
            ]
        },
        {
            "name": "Shoulder_R",
            "time": [0.0, 0.3333],
            "transform": [
                [-0.388151, 0.869402, 0.305743, -0.0, 0.124643, -0.279183, 0.952114, 0.4, 0.913128, 0.407673, -0.0, 0.0, 0.0, 0.0, 0.0, 1.0],
                [-0.388151, 0.869402, 0.305743, 0.0, 0.124643, -0.279183, 0.952114, 0.4, 0.913128, 0.407673, -0.0, -0.0, 0.0, 0.0, 0.0, 1.0]
            ]
        },
        {
            "name": "Arm_R",
            "time": [0.0, 0.0833, 0.1667, 0.25, 0.3333],
            "transform": [
                [0.0, -0.325789, -0.945443, 0.0, 0.952114, 0.289063, -0.099607, 0.393861, 0.305743, -0.900169, 0.310188, -0.0, 0.0, 0.0, 0.0, 1.0],
                [0.559678, -0.741499, -0.370052, 0.0, 0.691778, 0.663901, -0.284039, 0.39386, 0.456293, -0.097024, 0.884524, 0.0, 0.0, 0.0, 0.0, 1.0],
                [0.559678, -0.686169, 0.464686, 0.0, 0.691778, 0.078096, -0.717875, 0.39386, 0.456293, 0.723238, 0.518385, -0.0, 0.0, 0.0, 0.0, 1.0],
                [0.681835, -0.481109, 0.551031, -0.0, 0.676213, 0.701842, -0.223949, 0.393861, -0.278993, 0.525311, 0.803873, 0.0, 0.0, 0.0, 0.0, 1.0],
                [0.681835, -0.481109, 0.551031, -0.0, 0.676213, 0.701842, -0.223949, 0.393861, -0.278993, 0.525311, 0.803873, 0.0, 0.0, 0.0, 0.0, 1.0]
            ]
        },
        {
            "name": "Hand_R",
            "time": [0.0667, 0.1667, 0.1833, 0.25, 0.3333, 0.0],
            "transform": [
                [1.0, 0.0, 0.0, -0.0, -0.0, 0.954298, -0.298859, 0.3, -0.0, 0.298859, 0.954298, -0.0, 0.0, 0.0, 0.0, 1.0],
                [1.0, 0.0, 0.0, -0.0, -0.0, 0.954297, -0.298859, 0.3, -0.0, 0.298859, 0.954298, -0.0, 0.0, 0.0, 0.0, 1.0],
                [1.0, 0.0, 0.0, -0.0, 0.0, 0.996173, -0.087412, 0.3, 0.0, 0.087412, 0.996172, 0.0, 0.0, 0.0, 0.0, 1.0],
                [1.0, 0.0, 0.0, -0.0, -0.0, 0.977456, -0.211141, 0.3, -0.0, 0.211141, 0.977456, -0.0, 0.0, 0.0, 0.0, 1.0],
                [1.0, 0.0, 0.0, -0.0, -0.0, 0.549255, -0.835655, 0.3, -0.0, 0.835655, 0.549255, -0.0, 0.0, 0.0, 0.0, 1.0],
                [1.0, 0.0, -0.0, -0.0, -0.0, 0.316236, -0.948681, 0.3, -0.0, 0.948681, 0.316236, -0.0, 0.0, 0.0, 0.0, 1.0]
            ]
        },
        {
            "name": "Tool_R",
            "time": [0.0, 0.1667, 0.1833, 0.3333],
            "transform": [
                [0.0, 0.0, 0.0, 0.0, 0.0, 0.0, 0.0, 0.272858, 0.0, 0.0, 0.0, -0.0, 0.0, 0.0, 0.0, 1.0],
                [0.0, 0.0, 0.0, 0.0, 0.0, 0.0, 0.0, 0.272858, 0.0, 0.0, 0.0, 0.0, 0.0, 0.0, 0.0, 1.0],
                [1.0, 0.0, 0.0, 0.0, 0.0, -0.999836, 0.018122, 0.272858, 0.0, -0.018122, -0.999243, 0.0, 0.0, 0.0, 0.0, 1.0],
                [1.0, 0.0, 0.0, 0.0, 0.0, -0.999836, 0.018122, 0.272858, 0.0, -0.018122, -0.999244, 0.0, 0.0, 0.0, 0.0, 1.0]
            ]
        },
        {
            "name": "Elbow_R",
            "time": [0.0, 0.3333],
            "transform": [
                [-1.0, 0.0, -0.0, -0.0, -0.0, -0.0, -1.0, 0.338765, -0.0, -1.0, 0.0, -0.0, 0.0, 0.0, 0.0, 1.0],
                [-1.0, 0.0, -0.0, 0.0, 0.0, -0.0, -1.0, 0.427372, -0.0, -1.0, 0.0, -0.0, 0.0, 0.0, 0.0, 1.0]
            ]
        },
        {
            "name": "Shoulder_L",
            "time": [0.0, 0.3333],
            "transform": [
                [-0.0, -0.952114, -0.305743, -0.0, 0.0, -0.305743, 0.952114, 0.4, -1.0, 0.0, 0.0, 0.0, 0.0, 0.0, 0.0, 1.0],
                [0.0, -0.952114, -0.305743, 0.0, 0.0, -0.305743, 0.952114, 0.4, -1.0, -0.0, 0.0, -0.0, 0.0, 0.0, 0.0, 1.0]
            ]
        },
        {
            "name": "Arm_L",
            "time": [0.0, 0.3333],
            "transform": [
                [-0.882024, -0.0, 0.471204, -0.0, -0.230089, 0.872675, -0.430693, 0.39386, -0.411208, -0.488301, -0.769721, 0.0, 0.0, 0.0, 0.0, 1.0],
                [-0.819501, 0.435552, 0.372442, 0.0, 0.108931, 0.756439, -0.64493, 0.39386, -0.56263, -0.48795, -0.667347, 0.0, 0.0, 0.0, 0.0, 1.0]
            ]
        },
        {
            "name": "Hand_L",
            "time": [0.0, 0.3333],
            "transform": [
                [1.0, 0.0, 0.0, -0.0, -0.0, 0.872162, -0.489217, 0.3, -0.0, 0.489217, 0.872162, 0.0, 0.0, 0.0, 0.0, 1.0],
                [1.0, 0.0, -0.0, 0.0, -0.0, 0.73278, -0.680466, 0.3, -0.0, 0.680466, 0.73278, -0.0, 0.0, 0.0, 0.0, 1.0]
            ]
        },
        {
            "name": "Tool_L",
            "time": [0.0, 0.3333],
            "transform": [
                [0.0, 0.0, 0.0, -0.0, 0.0, 0.0, 0.0, 0.272858, 0.0, 0.0, 0.0, -0.0, 0.0, 0.0, 0.0, 1.0],
                [0.0, 0.0, 0.0, 0.0, 0.0, 0.0, 0.0, 0.272858, 0.0, 0.0, 0.0, -0.0, 0.0, 0.0, 0.0, 1.0]
            ]
        },
        {
            "name": "Elbow_L",
            "time": [0.0, 0.3333],
            "transform": [
                [-1.0, 0.0, -0.0, -0.0, -0.0, -0.0, -1.0, 0.358228, -0.0, -1.0, 0.0, -0.0, 0.0, 0.0, 0.0, 1.0],
                [-1.0, 0.0, 0.0, 0.0, 0.0, 0.0, -1.0, 0.380457, -0.0, -1.0, -0.0, -0.0, 0.0, 0.0, 0.0, 1.0]
            ]
        }
    ]
}