{
    "animation": [
        {
            "name": "Root",
            "time": [0.0, 1.0, 2.0],
            "transform": [
                [1.0, 0.0, 0.0, -5e-06, 0.0, 0.0, -1.0, 0.000946, 0.0, 1.0, 0.0, 0.600526, 0.0, 0.0, 0.0, 1.0],
                [1.0, 0.0, 0.0, -5e-06, 0.0, 0.0, -1.0, 0.000946, 0.0, 1.0, 0.0, 0.659272, 0.0, 0.0, 0.0, 1.0],
                [1.0, 0.0, 0.0, -5e-06, 0.0, 0.0, -1.0, 0.000946, 0.0, 1.0, 0.0, 0.600526, 0.0, 0.0, 0.0, 1.0]
            ]
        },
        {
            "name": "Thigh_R",
            "time": [0.0, 1.0, 2.0],
            "transform": [
                [0.527419, 0.713899, 0.460625, 0.124994, -0.0, -0.542162, 0.840274, -0.002831, 0.849605, -0.443175, -0.285947, -1.2e-05, 0.0, 0.0, 0.0, 1.0],
                [0.527419, 0.639011, 0.559904, 0.124994, -0.0, -0.659014, 0.752129, -0.002831, 0.849605, -0.396686, -0.347578, -1.2e-05, 0.0, 0.0, 0.0, 1.0],
                [0.527419, 0.713899, 0.460625, 0.124994, -0.0, -0.542162, 0.840274, -0.002831, 0.849605, -0.443175, -0.285947, -1.2e-05, 0.0, 0.0, 0.0, 1.0]
            ]
        },
        {
            "name": "Leg_R",
            "time": [0.0, 1.0, 2.0],
            "transform": [
                [1.0, -0.0, 1e-06, -0.0, -0.0, 0.498009, 0.867171, 0.37472, -1e-06, -0.867173, 0.498008, -0.0, 0.0, 0.0, 0.0, 1.0],
                [1.0, -0.0, 1e-06, 0.0, -0.0, 0.652944, 0.757406, 0.37472, -1e-06, -0.757407, 0.652943, -0.0, 0.0, 0.0, 0.0, 1.0],
                [1.0, -0.0, 1e-06, -0.0, -0.0, 0.498009, 0.867171, 0.37472, -1e-06, -0.867173, 0.498008, -0.0, 0.0, 0.0, 0.0, 1.0]
            ]
        },
        {
            "name": "Knee_R",
            "time": [0.0, 2.0],
            "transform": [
                [1.0, 0.0, -0.0, -0.0, -0.0, 1e-06, -1.0, 0.429962, -0.0, 1.0, 1e-06, -0.0, 0.0, 0.0, 0.0, 1.0],
                [1.0, 0.0, -0.0, -0.0, -0.0, 1e-06, -1.0, 0.429962, -0.0, 1.0, 1e-06, -0.0, 0.0, 0.0, 0.0, 1.0]
            ]
        },
        {
            "name": "Thigh_L",
            "time": [0.0, 1.0, 2.0],
            "transform": [
                [0.85671, -0.510971, -0.070394, -0.125006, -0.26015, -0.545897, 0.796441, -0.002831, -0.445386, -0.664006, -0.600605, -1.2e-05, 0.0, 0.0, 0.0, 1.0],
                [0.85671, -0.435235, -0.276798, -0.125006, -0.260149, -0.82799, 0.496743, -0.002831, -0.445386, -0.353555, -0.822575, -1.2e-05, 0.0, 0.0, 0.0, 1.0],
                [0.85671, -0.510971, -0.070394, -0.125006, -0.26015, -0.545897, 0.796441, -0.002831, -0.445386, -0.664006, -0.600605, -1.2e-05, 0.0, 0.0, 0.0, 1.0]
            ]
        },
        {
            "name": "Leg_L",
            "time": [0.0, 1.0, 2.0],
            "transform": [
                [1.0, -1e-06, 1e-06, -0.0, -0.0, 0.445746, 0.89516, 0.37472, -1e-06, -0.895159, 0.445746, 0.0, 0.0, 0.0, 0.0, 1.0],
                [1.0, -0.0, 1e-06, 0.0, -0.0, 0.660091, 0.751185, 0.37472, -1e-06, -0.751185, 0.660092, 0.0, 0.0, 0.0, 0.0, 1.0],
                [1.0, -1e-06, 1e-06, -0.0, -0.0, 0.445746, 0.89516, 0.37472, -1e-06, -0.895159, 0.445746, 0.0, 0.0, 0.0, 0.0, 1.0]
            ]
        },
        {
            "name": "Knee_L",
            "time": [0.0, 2.0],
            "transform": [
                [1.0, 0.0, -0.0, 0.0, -0.0, 1e-06, -1.0, 0.43619, -0.0, 1.0, 1e-06, 0.0, 0.0, 0.0, 0.0, 1.0],
                [1.0, 0.0, -0.0, 0.0, -0.0, 1e-06, -1.0, 0.43619, -0.0, 1.0, 1e-06, 0.0, 0.0, 0.0, 0.0, 1.0]
            ]
        },
        {
            "name": "Torso",
            "time": [0.0, 2.0],
            "transform": [
                [1.0, 0.0, 0.0, 0.0, 0.0, 1.0, 0.0, 0.05, 0.0, 0.0, 1.0, 0.0, 0.0, 0.0, 0.0, 1.0],
                [1.0, 0.0, 0.0, 0.0, 0.0, 1.0, 0.0, 0.05, 0.0, 0.0, 1.0, 0.0, 0.0, 0.0, 0.0, 1.0]
            ]
        },
        {
            "name": "Chest",
            "time": [0.0, 1.0, 2.0],
            "transform": [
                [0.65211, 0.458602, -0.603686, 0.0, 0.225876, 0.642596, 0.732154, 0.3, 0.723694, -0.613803, 0.315456, 0.0, 0.0, 0.0, 0.0, 1.0],
                [0.65211, 0.286723, -0.701814, 0.0, 0.225876, 0.810201, 0.540883, 0.3, 0.723694, -0.511238, 0.463576, 0.0, 0.0, 0.0, 0.0, 1.0],
                [0.65211, 0.458602, -0.603686, 0.0, 0.225876, 0.642596, 0.732154, 0.3, 0.723694, -0.613803, 0.315456, 0.0, 0.0, 0.0, 0.0, 1.0]
            ]
        },
        {
            "name": "Head",
            "time": [0.0, 2.0],
            "transform": [
                [0.682512, 0.040039, 0.729777, 0.0, 0.411399, 0.804248, -0.428878, 0.4, -0.604094, 0.592943, 0.532437, 0.0, 0.0, 0.0, 0.0, 1.0],
                [0.682512, 0.040039, 0.729777, 0.0, 0.411399, 0.804248, -0.428878, 0.4, -0.604094, 0.592943, 0.532437, 0.0, 0.0, 0.0, 0.0, 1.0]
            ]
        },
        {
            "name": "Shoulder_R",
            "time": [0.0, 2.0],
            "transform": [
                [-0.388151, 0.869402, 0.305743, 0.0, 0.124643, -0.279183, 0.952114, 0.4, 0.913128, 0.407673, -0.0, 0.0, 0.0, 0.0, 0.0, 1.0],
                [-0.388151, 0.869402, 0.305743, 0.0, 0.124643, -0.279183, 0.952114, 0.4, 0.913128, 0.407673, -0.0, 0.0, 0.0, 0.0, 0.0, 1.0]
            ]
        },
        {
            "name": "Arm_R",
            "time": [0.0, 1.0, 1.25, 1.5, 2.0],
            "transform": [
                [0.295053, -0.760183, 0.578848, -0.0, 0.880443, 0.451645, 0.144348, 0.39386, -0.371165, 0.467053, 0.802557, -0.0, 0.0, 0.0, 0.0, 1.0],
                [0.295053, -0.62531, 0.722448, -0.0, 0.880443, 0.471649, 0.048653, 0.39386, -0.371165, 0.62172, 0.689711, -0.0, 0.0, 0.0, 0.0, 1.0],
                [0.295053, -0.810649, 0.505758, -0.0, 0.880443, 0.43629, 0.185663, 0.393861, -0.371165, 0.390511, 0.842459, -0.0, 0.0, 0.0, 0.0, 1.0],
                [0.295053, -0.90731, 0.299553, -0.0, 0.880443, 0.37996, 0.283637, 0.39386, -0.371165, 0.180051, 0.910943, -0.0, 0.0, 0.0, 0.0, 1.0],
                [0.295053, -0.760183, 0.578848, -0.0, 0.880443, 0.451645, 0.144348, 0.39386, -0.371165, 0.467053, 0.802557, -0.0, 0.0, 0.0, 0.0, 1.0]
            ]
        },
        {
            "name": "Hand_R",
            "time": [0.0, 1.0, 1.25, 1.5, 2.0],
            "transform": [
                [1.0, 0.0, 0.0, -0.0, -0.0, 0.316236, -0.948681, 0.3, -0.0, 0.948681, 0.316236, 0.0, 0.0, 0.0, 0.0, 1.0],
                [1.0, 0.0, 0.0, 0.0, -0.0, 0.514299, -0.857612, 0.3, -0.0, 0.857612, 0.514298, 0.0, 0.0, 0.0, 0.0, 1.0],
                [1.0, 0.0, -0.0, 0.0, -0.0, 0.312556, -0.9499, 0.3, -0.0, 0.949899, 0.312556, -0.0, 0.0, 0.0, 0.0, 1.0],
                [1.0, 0.0, -0.0, 0.0, -0.0, -0.027382, -0.999625, 0.3, -0.0, 0.999625, -0.027382, -0.0, 0.0, 0.0, 0.0, 1.0],
                [1.0, 0.0, 0.0, -0.0, -0.0, 0.316236, -0.948681, 0.3, -0.0, 0.948681, 0.316236, 0.0, 0.0, 0.0, 0.0, 1.0]
            ]
        },
        {
            "name": "Tool_R",
            "time": [0.0, 2.0],
            "transform": [
                [1.0, 0.0, 0.0, 0.0, 0.0, -0.999836, 0.018122, 0.272858, 0.0, -0.018122, -0.999244, 0.0, 0.0, 0.0, 0.0, 1.0],
                [1.0, 0.0, 0.0, 0.0, 0.0, -0.999836, 0.018122, 0.272858, 0.0, -0.018122, -0.999244, 0.0, 0.0, 0.0, 0.0, 1.0]
            ]
        },
        {
            "name": "Elbow_R",
            "time": [0.0, 2.0],
            "transform": [
                [-1.0, 0.0, 0.0, -0.0, 0.0, -0.0, -1.0, 0.427372, -0.0, -1.0, 0.0, 0.0, 0.0, 0.0, 0.0, 1.0],
                [-1.0, 0.0, 0.0, -0.0, 0.0, -0.0, -1.0, 0.427372, -0.0, -1.0, 0.0, 0.0, 0.0, 0.0, 0.0, 1.0]
            ]
        },
        {
            "name": "Shoulder_L",
            "time": [0.0, 2.0],
            "transform": [
                [-0.0, -0.952114, -0.305743, 0.0, 0.0, -0.305743, 0.952114, 0.4, -1.0, -0.0, 0.0, 0.0, 0.0, 0.0, 0.0, 1.0],
                [-0.0, -0.952114, -0.305743, 0.0, 0.0, -0.305743, 0.952114, 0.4, -1.0, -0.0, 0.0, 0.0, 0.0, 0.0, 0.0, 1.0]
            ]
        },
        {
            "name": "Arm_L",
            "time": [0.0, 1.0, 1.0833, 1.8333, 2.0],
            "transform": [
                [-0.30201, -0.060237, 0.9514, 0.0, -0.322572, 0.945589, -0.042528, 0.39386, -0.897071, -0.319738, -0.305008, 0.0, 0.0, 0.0, 0.0, 1.0],
                [-0.29864, 0.714303, 0.632918, -0.0, 0.114404, 0.685194, -0.71932, 0.39386, -0.947484, -0.142409, -0.286345, -0.0, 0.0, 0.0, 0.0, 1.0],
                [-0.302266, 0.912554, 0.275464, -0.0, 0.106531, 0.319511, -0.941575, 0.39386, -0.947252, -0.255261, -0.193792, -0.0, 0.0, 0.0, 0.0, 1.0],
                [-0.323003, -0.236487, 0.916375, 0.0, -0.290872, 0.946216, 0.141662, 0.39386, -0.90059, -0.220791, -0.374418, 0.0, 0.0, 0.0, 0.0, 1.0],
                [-0.30201, -0.060237, 0.9514, 0.0, -0.322572, 0.945589, -0.042528, 0.39386, -0.897071, -0.319738, -0.305008, 0.0, 0.0, 0.0, 0.0, 1.0]
            ]
        },
        {
            "name": "Hand_L",
            "time": [0.0, 1.0, 1.0833, 2.0],
            "transform": [
                [1.0, 0.0, 0.0, -0.0, -0.0, 0.73278, -0.680466, 0.3, -0.0, 0.680466, 0.73278, 0.0, 0.0, 0.0, 0.0, 1.0],
                [1.0, 0.0, 0.0, -0.0, -0.0, 0.446722, -0.894673, 0.3, -0.0, 0.894673, 0.446722, 0.0, 0.0, 0.0, 0.0, 1.0],
                [1.0, 0.0, 0.0, 0.0, -0.0, -0.081799, -0.996649, 0.3, -0.0, 0.996649, -0.081799, 0.0, 0.0, 0.0, 0.0, 1.0],
                [1.0, 0.0, 0.0, -0.0, -0.0, 0.73278, -0.680466, 0.3, -0.0, 0.680466, 0.73278, 0.0, 0.0, 0.0, 0.0, 1.0]
            ]
        },
        {
            "name": "Tool_L",
            "time": [0.0, 2.0],
            "transform": [
                [0.0, 0.0, -0.0, 0.974721, 0.0, 0.0, -0.0, 0.488749, 0.0, 0.0, -0.0, 0.003913, 0.0, 0.0, 0.0, 1.0],
                [0.0, 0.0, -0.0, 0.974721, 0.0, 0.0, -0.0, 0.488749, 0.0, 0.0, -0.0, 0.003913, 0.0, 0.0, 0.0, 1.0]
            ]
        },
        {
            "name": "Elbow_L",
            "time": [0.0, 2.0],
            "transform": [
                [-1.0, 0.0, -0.0, -0.0, 0.0, -0.0, -1.0, 0.380457, -0.0, -1.0, -0.0, -0.0, 0.0, 0.0, 0.0, 1.0],
                [-1.0, 0.0, -0.0, -0.0, 0.0, -0.0, -1.0, 0.380457, -0.0, -1.0, -0.0, -0.0, 0.0, 0.0, 0.0, 1.0]
            ]
        }
    ]
}