{
    "animation": [
        {
            "name": "Root",
            "time": [0.0, 2.0],
            "transform": [
                [1.0, 0.0, 0.0, -5e-06, 0.0, 0.0, -1.0, 0.000946, 0.0, 1.0, 0.0, 0.763972, 0.0, 0.0, 0.0, 1.0],
                [1.0, 0.0, 0.0, -5e-06, 0.0, 0.0, -1.0, 0.000946, 0.0, 1.0, 0.0, 0.763972, 0.0, 0.0, 0.0, 1.0]
            ]
        },
        {
            "name": "Thigh_R",
            "time": [0.0, 2.0],
            "transform": [
                [0.734081, 0.191706, 0.651439, 0.124994, -1e-06, -0.959322, 0.282311, -0.002831, 0.679061, -0.20724, -0.704221, -1.2e-05, 0.0, 0.0, 0.0, 1.0],
                [0.734081, 0.191706, 0.651439, 0.124994, -1e-06, -0.959322, 0.282311, -0.002831, 0.679061, -0.20724, -0.704221, -1.2e-05, 0.0, 0.0, 0.0, 1.0]
            ]
        },
        {
            "name": "Leg_R",
            "time": [0.0, 2.0],
            "transform": [
                [1.0, 0.0, 1e-06, -0.0, -0.0, 0.953988, 0.299844, 0.37472, -1e-06, -0.299843, 0.953989, -0.0, 0.0, 0.0, 0.0, 1.0],
                [1.0, 0.0, 1e-06, -0.0, -0.0, 0.953988, 0.299844, 0.37472, -1e-06, -0.299843, 0.953989, -0.0, 0.0, 0.0, 0.0, 1.0]
            ]
        },
        {
            "name": "Knee_R",
            "time": [0.0, 2.0],
            "transform": [
                [1.0, 0.0, -0.0, -0.0, -0.0, 1e-06, -1.0, 0.37472, -0.0, 1.0, 1e-06, -0.0, 0.0, 0.0, 0.0, 1.0],
                [1.0, 0.0, -0.0, -0.0, -0.0, 1e-06, -1.0, 0.37472, -0.0, 1.0, 1e-06, -0.0, 0.0, 0.0, 0.0, 1.0]
            ]
        },
        {
            "name": "Thigh_L",
            "time": [0.0, 2.0],
            "transform": [
                [0.734081, -0.214265, -0.644371, -0.125006, 1e-06, -0.948914, 0.315532, -0.002831, -0.679061, -0.231626, -0.696581, -1.2e-05, 0.0, 0.0, 0.0, 1.0],
                [0.734081, -0.214265, -0.644371, -0.125006, 1e-06, -0.948914, 0.315532, -0.002831, -0.679061, -0.231626, -0.696581, -1.2e-05, 0.0, 0.0, 0.0, 1.0]
            ]
        },
        {
            "name": "Leg_L",
            "time": [0.0, 2.0],
            "transform": [
                [1.0, 0.0, 1e-06, 0.0, -0.0, 0.953988, 0.299844, 0.37472, -1e-06, -0.299843, 0.953989, 0.0, 0.0, 0.0, 0.0, 1.0],
                [1.0, 0.0, 1e-06, 0.0, -0.0, 0.953988, 0.299844, 0.37472, -1e-06, -0.299843, 0.953989, 0.0, 0.0, 0.0, 0.0, 1.0]
            ]
        },
        {
            "name": "Knee_L",
            "time": [0.0, 2.0],
            "transform": [
                [1.0, 0.0, -0.0, 0.0, -0.0, 1e-06, -1.0, 0.37472, -0.0, 1.0, 1e-06, -0.0, 0.0, 0.0, 0.0, 1.0],
                [1.0, 0.0, -0.0, 0.0, -0.0, 1e-06, -1.0, 0.37472, -0.0, 1.0, 1e-06, -0.0, 0.0, 0.0, 0.0, 1.0]
            ]
        },
        {
            "name": "Torso",
            "time": [0.0, 2.0],
            "transform": [
                [1.0, 0.0, 0.0, 0.0, 0.0, 1.0, 0.0, 0.05, 0.0, 0.0, 1.0, 0.0, 0.0, 0.0, 0.0, 1.0],
                [1.0, 0.0, 0.0, 0.0, 0.0, 1.0, 0.0, 0.05, 0.0, 0.0, 1.0, 0.0, 0.0, 0.0, 0.0, 1.0]
            ]
        },
        {
            "name": "Chest",
            "time": [0.0, 1.0, 2.0],
            "transform": [
                [1.0, 0.0, 0.0, 0.0, 0.0, 1.0, 0.0, 0.3, 0.0, 0.0, 1.0, 0.0, 0.0, 0.0, 0.0, 1.0],
                [1.0, 0.0, 0.0, 0.0, 0.0, 0.993409, 0.114624, 0.3, 0.0, -0.114624, 0.993409, 0.0, 0.0, 0.0, 0.0, 1.0],
                [1.0, 0.0, 0.0, 0.0, 0.0, 1.0, 0.0, 0.3, 0.0, 0.0, 1.0, 0.0, 0.0, 0.0, 0.0, 1.0]
            ]
        },
        {
            "name": "Head",
            "time": [0.0, 1.0, 2.0],
            "transform": [
                [1.0, 0.0, 0.0, 0.0, 0.0, 1.0, 0.0, 0.4, 0.0, 0.0, 1.0, 0.0, 0.0, 0.0, 0.0, 1.0],
                [1.0, 0.0, 0.0, 0.0, 0.0, 0.996143, -0.08775, 0.4, 0.0, 0.08775, 0.996143, -0.0, 0.0, 0.0, 0.0, 1.0],
                [1.0, 0.0, 0.0, 0.0, 0.0, 1.0, 0.0, 0.4, 0.0, 0.0, 1.0, 0.0, 0.0, 0.0, 0.0, 1.0]
            ]
        },
        {
            "name": "Shoulder_R",
            "time": [0.0, 2.0],
            "transform": [
                [0.0, 0.952114, 0.305743, 0.0, 0.0, -0.305743, 0.952114, 0.4, 1.0, 0.0, -0.0, 0.0, 0.0, 0.0, 0.0, 1.0],
                [0.0, 0.952114, 0.305743, 0.0, 0.0, -0.305743, 0.952114, 0.4, 1.0, 0.0, -0.0, 0.0, 0.0, 0.0, 0.0, 1.0]
            ]
        },
        {
            "name": "Arm_R",
            "time": [0.0, 1.4167, 1.5, 1.8333, 2.0],
            "transform": [
                [0.0, -0.838958, -0.544196, -0.0, 0.952114, 0.166384, -0.256506, 0.39386, 0.305743, -0.518136, 0.798784, 0.0, 0.0, 0.0, 0.0, 1.0],
                [0.0, -0.838958, -0.544196, -0.0, 0.952114, 0.166384, -0.256506, 0.393861, 0.305743, -0.518136, 0.798784, 0.0, 0.0, 0.0, 0.0, 1.0],
                [0.204688, -0.838958, -0.504234, -0.0, 0.978677, 0.166384, 0.120448, 0.393861, -0.017154, -0.518136, 0.855126, 0.0, 0.0, 0.0, 0.0, 1.0],
                [-0.328162, -0.838958, -0.434119, 0.0, 0.604847, 0.166384, -0.778766, 0.39386, 0.725583, -0.518136, 0.45284, 0.0, 0.0, 0.0, 0.0, 1.0],
                [0.0, -0.838958, -0.544196, -0.0, 0.952114, 0.166384, -0.256506, 0.39386, 0.305743, -0.518136, 0.798784, 0.0, 0.0, 0.0, 0.0, 1.0]
            ]
        },
        {
            "name": "Hand_R",
            "time": [0.0, 1.0, 2.0],
            "transform": [
                [1.0, 0.0, -0.0, 0.0, -0.0, 0.02293, -0.999738, 0.3, -0.0, 0.999738, 0.02293, 0.0, 0.0, 0.0, 0.0, 1.0],
                [1.0, 0.0, -0.0, -0.0, -0.0, 0.174702, -0.984622, 0.3, -0.0, 0.984622, 0.174702, -0.0, 0.0, 0.0, 0.0, 1.0],
                [1.0, 0.0, -0.0, 0.0, -0.0, 0.02293, -0.999738, 0.3, -0.0, 0.999738, 0.02293, 0.0, 0.0, 0.0, 0.0, 1.0]
            ]
        },
        {
            "name": "Tool_R",
            "time": [0.0, 0.1667, 0.6667, 1.1667, 1.5, 1.6667, 2.0],
            "transform": [
                [0.0, 0.0, 0.0, 0.0, 0.0, 0.0, 0.0, 0.272858, 0.0, 0.0, 0.0, -0.0, 0.0, 0.0, 0.0, 1.0],
                [0.808181, -0.000115, -0.588934, 0.0, -0.53154, -0.430735, -0.729337, 0.272858, -0.253446, 0.90194, -0.347975, -0.0, 0.0, 0.0, 0.0, 1.0],
                [0.453107, 0.000112, 0.891457, 0.0, 0.804594, -0.430612, -0.408903, 0.272858, 0.383607, 0.901998, -0.195092, 0.0, 0.0, 0.0, 0.0, 1.0],
                [0.808181, -0.000115, -0.588934, 0.0, -0.53154, -0.430736, -0.729337, 0.272858, -0.253446, 0.90194, -0.347975, -0.0, 0.0, 0.0, 0.0, 1.0],
                [0.453107, 0.000112, 0.891457, -0.0, 0.804594, -0.430612, -0.408903, 0.272858, 0.383607, 0.901998, -0.195092, 0.0, 0.0, 0.0, 0.0, 1.0],
                [0.0, 0.0, 0.0, 0.0, 0.0, 0.0, 0.0, 0.272858, 0.0, 0.0, 0.0, 0.0, 0.0, 0.0, 0.0, 1.0],
                [0.0, 0.0, 0.0, 0.0, 0.0, 0.0, 0.0, 0.272858, 0.0, 0.0, 0.0, -0.0, 0.0, 0.0, 0.0, 1.0]
            ]
        },
        {
            "name": "Elbow_R",
            "time": [0.0, 2.0],
            "transform": [
                [-1.0, 0.0, -0.0, 0.0, 0.0, 0.0, -1.0, 0.4472, -0.0, -1.0, 0.0, 0.0, 0.0, 0.0, 0.0, 1.0],
                [-1.0, 0.0, -0.0, 0.0, 0.0, 0.0, -1.0, 0.4472, -0.0, -1.0, 0.0, 0.0, 0.0, 0.0, 0.0, 1.0]
            ]
        },
        {
            "name": "Shoulder_L",
            "time": [0.0, 2.0],
            "transform": [
                [0.442332, -0.853904, -0.274206, 0.0, 0.0, -0.305743, 0.952114, 0.4, -0.896851, -0.421151, -0.13524, 0.0, 0.0, 0.0, 0.0, 1.0],
                [0.442332, -0.853904, -0.274206, 0.0, 0.0, -0.305743, 0.952114, 0.4, -0.896851, -0.421151, -0.13524, 0.0, 0.0, 0.0, 0.0, 1.0]
            ]
        },
        {
            "name": "Arm_L",
            "time": [0.0, 1.0, 2.0],
            "transform": [
                [-0.855218, 0.316831, 0.410147, -0.0, -0.498376, -0.285599, -0.818569, 0.39386, -0.14221, -0.904462, 0.40215, -0.0, 0.0, 0.0, 0.0, 1.0],
                [-0.855218, 0.283495, 0.433858, 0.0, -0.498376, -0.220148, -0.838544, 0.39386, -0.14221, -0.933362, 0.329562, -0.0, 0.0, 0.0, 0.0, 1.0],
                [-0.855218, 0.316831, 0.410147, -0.0, -0.498376, -0.285599, -0.818569, 0.39386, -0.14221, -0.904462, 0.40215, -0.0, 0.0, 0.0, 0.0, 1.0]
            ]
        },
        {
            "name": "Hand_L",
            "time": [0.0, 1.0, 2.0],
            "transform": [
                [1.0, 0.0, 0.0, -0.0, -0.0, 0.762244, -0.647289, 0.3, -0.0, 0.647289, 0.762244, 0.0, 0.0, 0.0, 0.0, 1.0],
                [1.0, 0.0, 0.0, 0.0, -0.0, 0.691205, -0.722659, 0.3, -0.0, 0.722659, 0.691205, 0.0, 0.0, 0.0, 0.0, 1.0],
                [1.0, 0.0, 0.0, -0.0, -0.0, 0.762244, -0.647289, 0.3, -0.0, 0.647289, 0.762244, 0.0, 0.0, 0.0, 0.0, 1.0]
            ]
        },
        {
            "name": "Tool_L",
            "time": [0.0, 2.0],
            "transform": [
                [0.0, 0.0, 0.0, 0.0, 0.0, 0.0, 0.0, 0.272858, 0.0, 0.0, 0.0, -0.0, 0.0, 0.0, 0.0, 1.0],
                [0.0, 0.0, 0.0, 0.0, 0.0, 0.0, 0.0, 0.272858, 0.0, 0.0, 0.0, -0.0, 0.0, 0.0, 0.0, 1.0]
            ]
        },
        {
            "name": "Elbow_L",
            "time": [0.0, 2.0],
            "transform": [
                [-1.0, 0.0, -0.0, -0.0, 0.0, -0.0, -1.0, 0.376298, -0.0, -1.0, 0.0, 0.0, 0.0, 0.0, 0.0, 1.0],
                [-1.0, 0.0, -0.0, -0.0, 0.0, -0.0, -1.0, 0.376298, -0.0, -1.0, 0.0, 0.0, 0.0, 0.0, 0.0, 1.0]
            ]
        }
    ]
}