{
    "animation": [
        {
            "name": "Root",
            "time": [0.0, 1.3333],
            "transform": [
                [1.0, 0.0, 0.0, -5e-06, 0.0, 0.0, -1.0, 0.000946, 0.0, 1.0, 0.0, 0.763972, 0.0, 0.0, 0.0, 1.0],
                [1.0, 0.0, 0.0, -5e-06, 0.0, 0.0, -1.0, 0.000946, 0.0, 1.0, 0.0, 0.763972, 0.0, 0.0, 0.0, 1.0]
            ]
        },
        {
            "name": "Thigh_R",
            "time": [0.0, 1.3333],
            "transform": [
                [0.734081, 0.191706, 0.651439, 0.124994, -1e-06, -0.959322, 0.282311, -0.002831, 0.679061, -0.20724, -0.704221, -1.2e-05, 0.0, 0.0, 0.0, 1.0],
                [0.734081, 0.191706, 0.651439, 0.124994, -1e-06, -0.959322, 0.282311, -0.002831, 0.679061, -0.20724, -0.704221, -1.2e-05, 0.0, 0.0, 0.0, 1.0]
            ]
        },
        {
            "name": "Leg_R",
            "time": [0.0, 1.3333],
            "transform": [
                [1.0, 0.0, 1e-06, -0.0, -0.0, 0.953988, 0.299844, 0.37472, -1e-06, -0.299843, 0.953989, -0.0, 0.0, 0.0, 0.0, 1.0],
                [1.0, 0.0, 1e-06, -0.0, -0.0, 0.953988, 0.299844, 0.37472, -1e-06, -0.299843, 0.953989, -0.0, 0.0, 0.0, 0.0, 1.0]
            ]
        },
        {
            "name": "Knee_R",
            "time": [0.0, 1.3333],
            "transform": [
                [1.0, 0.0, -0.0, -0.0, -0.0, 1e-06, -1.0, 0.37472, -0.0, 1.0, 1e-06, -0.0, 0.0, 0.0, 0.0, 1.0],
                [1.0, 0.0, -0.0, -0.0, -0.0, 1e-06, -1.0, 0.37472, -0.0, 1.0, 1e-06, -0.0, 0.0, 0.0, 0.0, 1.0]
            ]
        },
        {
            "name": "Thigh_L",
            "time": [0.0, 1.3333],
            "transform": [
                [0.734081, -0.214265, -0.644371, -0.125006, 1e-06, -0.948914, 0.315532, -0.002831, -0.679061, -0.231626, -0.696581, -1.2e-05, 0.0, 0.0, 0.0, 1.0],
                [0.734081, -0.214265, -0.644371, -0.125006, 1e-06, -0.948914, 0.315532, -0.002831, -0.679061, -0.231626, -0.696581, -1.2e-05, 0.0, 0.0, 0.0, 1.0]
            ]
        },
        {
            "name": "Leg_L",
            "time": [0.0, 1.3333],
            "transform": [
                [1.0, 0.0, 1e-06, 0.0, -0.0, 0.953988, 0.299844, 0.37472, -1e-06, -0.299843, 0.953989, 0.0, 0.0, 0.0, 0.0, 1.0],
                [1.0, 0.0, 1e-06, 0.0, -0.0, 0.953988, 0.299844, 0.37472, -1e-06, -0.299843, 0.953989, 0.0, 0.0, 0.0, 0.0, 1.0]
            ]
        },
        {
            "name": "Knee_L",
            "time": [0.0, 1.3333],
            "transform": [
                [1.0, 0.0, -0.0, 0.0, -0.0, 1e-06, -1.0, 0.37472, -0.0, 1.0, 1e-06, -0.0, 0.0, 0.0, 0.0, 1.0],
                [1.0, 0.0, -0.0, 0.0, -0.0, 1e-06, -1.0, 0.37472, -0.0, 1.0, 1e-06, -0.0, 0.0, 0.0, 0.0, 1.0]
            ]
        },
        {
            "name": "Torso",
            "time": [0.0, 1.3333],
            "transform": [
                [1.0, 0.0, 0.0, 0.0, 0.0, 1.0, 0.0, 0.05, 0.0, 0.0, 1.0, 0.0, 0.0, 0.0, 0.0, 1.0],
                [1.0, 0.0, 0.0, 0.0, 0.0, 1.0, 0.0, 0.05, 0.0, 0.0, 1.0, 0.0, 0.0, 0.0, 0.0, 1.0]
            ]
        },
        {
            "name": "Chest",
            "time": [0.0, 1.3333],
            "transform": [
                [1.0, 0.0, 0.0, 0.0, 0.0, 1.0, 0.0, 0.3, 0.0, 0.0, 1.0, 0.0, 0.0, 0.0, 0.0, 1.0],
                [1.0, 0.0, 0.0, 0.0, 0.0, 1.0, 0.0, 0.3, 0.0, 0.0, 1.0, 0.0, 0.0, 0.0, 0.0, 1.0]
            ]
        },
        {
            "name": "Head",
            "time": [0.0, 1.3333],
            "transform": [
                [1.0, 0.0, 0.0, 0.0, 0.0, 1.0, 0.0, 0.4, 0.0, 0.0, 1.0, 0.0, 0.0, 0.0, 0.0, 1.0],
                [1.0, 0.0, 0.0, 0.0, 0.0, 1.0, 0.0, 0.4, 0.0, 0.0, 1.0, 0.0, 0.0, 0.0, 0.0, 1.0]
            ]
        },
        {
            "name": "Shoulder_R",
            "time": [0.25, 0.0, 1.3333],
            "transform": [
                [0.531517, 0.838933, 0.116967, 0.0, 0.017909, -0.149187, 0.988647, 0.4, 0.846858, -0.523388, -0.09432, 0.0, 0.0, 0.0, 0.0, 1.0],
                [0.531517, 0.838933, 0.116967, 0.0, 0.017909, -0.149187, 0.988647, 0.4, 0.846858, -0.523388, -0.09432, 0.0, 0.0, 0.0, 0.0, 1.0],
                [0.531517, 0.838933, 0.116967, 0.0, 0.017909, -0.149187, 0.988647, 0.4, 0.846858, -0.523388, -0.09432, 0.0, 0.0, 0.0, 0.0, 1.0]
            ]
        },
        {
            "name": "Arm_R",
            "time": [0.0, 0.0333, 0.25, 0.4167, 0.5833, 0.6667, 1.0, 1.3333],
            "transform": [
                [0.0, -0.838958, -0.544196, 0.0, 0.952114, 0.166384, -0.256506, 0.393861, 0.305743, -0.518136, 0.798784, 0.0, 0.0, 0.0, 0.0, 1.0],
                [-0.003328, -0.991232, -0.132087, 0.0, 0.940689, 0.041708, -0.336696, 0.393861, 0.339253, -0.125374, 0.932303, 0.0, 0.0, 0.0, 0.0, 1.0],
                [-0.218451, -0.541445, -0.81186, 0.0, 0.503062, 0.650402, -0.569127, 0.393861, 0.836186, -0.532742, 0.1303, 0.0, 0.0, 0.0, 0.0, 1.0],
                [-0.218451, -0.541445, -0.81186, 0.0, 0.503062, 0.650402, -0.569127, 0.393861, 0.836186, -0.532742, 0.1303, 0.0, 0.0, 0.0, 0.0, 1.0],
                [0.359224, 0.887632, -0.288213, 0.0, -0.442918, 0.433983, 0.784527, 0.393861, 0.821451, -0.154167, 0.549046, 0.0, 0.0, 0.0, 0.0, 1.0],
                [0.359224, 0.887632, -0.288213, 0.0, -0.442918, 0.433983, 0.784527, 0.393861, 0.821451, -0.154167, 0.549046, 0.0, 0.0, 0.0, 0.0, 1.0],
                [0.345405, -0.781135, -0.520119, 0.0, 0.806471, 0.530484, -0.261133, 0.393861, 0.479895, -0.329264, 0.813195, 0.0, 0.0, 0.0, 0.0, 1.0],
                [0.345405, -0.781135, -0.520119, 0.0, 0.806471, 0.530484, -0.261133, 0.393861, 0.479895, -0.329264, 0.813195, 0.0, 0.0, 0.0, 0.0, 1.0]
            ]
        },
        {
            "name": "Hand_R",
            "time": [0.0, 0.25, 0.4167, 0.5833, 0.75, 1.3333],
            "transform": [
                [1.0, 0.0, -0.0, 0.0, 0.0, 0.02293, -0.999737, 0.3, -0.0, 0.999737, 0.02293, 0.0, 0.0, 0.0, 0.0, 1.0],
                [1.0, 0.0, 0.0, -0.0, 0.0, 0.105986, -0.994368, 0.3, -0.0, 0.994368, 0.105986, 0.0, 0.0, 0.0, 0.0, 1.0],
                [1.0, 0.0, 0.0, -0.0, 0.0, 0.105986, -0.994368, 0.3, -0.0, 0.994368, 0.105986, 0.0, 0.0, 0.0, 0.0, 1.0],
                [1.0, -0.0, 0.0, 0.0, -0.0, 0.994858, -0.101282, 0.3, -0.0, 0.101282, 0.994858, 0.0, 0.0, 0.0, 0.0, 1.0],
                [1.0, 0.0, 0.0, -0.0, -0.0, 0.211255, -0.977431, 0.3, -0.0, 0.977431, 0.211255, -0.0, 0.0, 0.0, 0.0, 1.0],
                [1.0, 0.0, -0.0, -0.0, -0.0, 0.211255, -0.977431, 0.3, -0.0, 0.977431, 0.211255, -0.0, 0.0, 0.0, 0.0, 1.0]
            ]
        },
        {
            "name": "Tool_R",
            "time": [0.0, 0.5667, 0.5833, 1.3333],
            "transform": [
                [0.0, 0.0, 0.0, -0.0, 0.0, 0.0, 0.0, 0.272858, 0.0, 0.0, 0.0, 0.0, 0.0, 0.0, 0.0, 1.0],
                [0.0, 0.0, 0.0, 0.0, 0.0, 0.0, 0.0, 0.272858, 0.0, 0.0, 0.0, 0.0, 0.0, 0.0, 0.0, 1.0],
                [1.0, 0.0, 0.0, -0.0, 0.0, 0.055147, -0.998478, 0.272858, 0.0, 0.997888, 0.055104, 0.0, 0.0, 0.0, 0.0, 1.0],
                [1.0, -0.0, 0.0, -0.0, 0.0, 0.055147, -0.998478, 0.272858, -0.0, 0.997888, 0.055104, 0.0, 0.0, 0.0, 0.0, 1.0]
            ]
        },
        {
            "name": "Elbow_R",
            "time": [0.0, 1.3333],
            "transform": [
                [-1.0, 0.0, -0.0, -0.0, 0.0, -0.0, -1.0, 0.4472, -0.0, -1.0, 0.0, -0.0, 0.0, 0.0, 0.0, 1.0],
                [-1.0, 0.0, -0.0, -0.0, 0.0, -0.0, -1.0, 0.437577, -0.0, -1.0, 0.0, 0.0, 0.0, 0.0, 0.0, 1.0]
            ]
        },
        {
            "name": "Shoulder_L",
            "time": [0.0, 1.3333],
            "transform": [
                [0.442332, -0.853904, -0.274206, 0.0, 0.0, -0.305743, 0.952114, 0.4, -0.896851, -0.421151, -0.13524, 0.0, 0.0, 0.0, 0.0, 1.0],
                [0.442332, -0.853904, -0.274206, 0.0, 0.0, -0.305743, 0.952114, 0.4, -0.896851, -0.421151, -0.13524, 0.0, 0.0, 0.0, 0.0, 1.0]
            ]
        },
        {
            "name": "Arm_L",
            "time": [0.0, 0.1833, 0.3333, 0.6667, 0.9667, 1.3333],
            "transform": [
                [-0.489638, 0.868115, 0.081437, -0.0, -0.193132, -0.016902, -0.981027, 0.39386, -0.850268, -0.496076, 0.175936, -0.0, 0.0, 0.0, 0.0, 1.0],
                [-0.480846, 0.839179, 0.254097, -0.0, -0.183542, 0.187042, -0.965053, 0.39386, -0.857379, -0.510679, 0.064086, -0.0, 0.0, 0.0, 0.0, 1.0],
                [-0.480846, 0.839179, 0.254097, -0.0, -0.183542, 0.187042, -0.965053, 0.39386, -0.857379, -0.510679, 0.064086, -0.0, 0.0, 0.0, 0.0, 1.0],
                [-0.489638, 0.154521, 0.858125, -0.0, -0.193132, 0.940505, -0.279554, 0.39386, -0.850268, -0.302612, -0.430663, -0.0, 0.0, 0.0, 0.0, 1.0],
                [-0.511655, 0.042792, 0.858125, -0.0, -0.395693, 0.874801, -0.279555, 0.39386, -0.762651, -0.482589, -0.430664, -0.0, 0.0, 0.0, 0.0, 1.0],
                [-0.852137, 0.129105, 0.507143, -0.0, -0.413281, 0.428468, -0.803501, 0.39386, -0.321031, -0.894286, -0.311757, -0.0, 0.0, 0.0, 0.0, 1.0]
            ]
        },
        {
            "name": "Hand_L",
            "time": [0.0, 0.6667, 0.9667, 1.3333],
            "transform": [
                [1.0, 0.0, -0.0, 0.0, -0.0, 0.762244, -0.64729, 0.3, 0.0, 0.647289, 0.762244, -0.0, 0.0, 0.0, 0.0, 1.0],
                [1.0, 0.0, 0.0, -0.0, 0.0, 0.102403, -0.994743, 0.3, 0.0, 0.994743, 0.102403, 0.0, 0.0, 0.0, 0.0, 1.0],
                [1.0, 0.0, 0.0, 0.0, 0.0, 0.485524, -0.874223, 0.3, 0.0, 0.874223, 0.485524, -0.0, 0.0, 0.0, 0.0, 1.0],
                [1.0, 0.0, 0.0, 0.0, -0.0, 0.485524, -0.874223, 0.3, -0.0, 0.874223, 0.485524, 0.0, 0.0, 0.0, 0.0, 1.0]
            ]
        },
        {
            "name": "Tool_L",
            "time": [0.0, 1.3333],
            "transform": [
                [0.0, 0.0, 0.0, 0.0, 0.0, 0.0, 0.0, 0.272858, 0.0, 0.0, 0.0, -0.0, 0.0, 0.0, 0.0, 1.0],
                [0.0, 0.0, 0.0, 0.0, 0.0, 0.0, 0.0, 0.272858, 0.0, 0.0, 0.0, 0.0, 0.0, 0.0, 0.0, 1.0]
            ]
        },
        {
            "name": "Elbow_L",
            "time": [0.0, 1.3333],
            "transform": [
                [-1.0, 0.0, 0.0, 0.0, 0.0, -0.0, -1.0, 0.376299, -0.0, -1.0, 0.0, -0.0, 0.0, 0.0, 0.0, 1.0],
                [-1.0, 0.0, -0.0, 0.0, 0.0, -0.0, -1.0, 0.410016, -0.0, -1.0, -0.0, 0.0, 0.0, 0.0, 0.0, 1.0]
            ]
        }
    ]
}