{
    "animation": [
        {
            "name": "Root",
            "time": [0.0, 0.6667, 1.3333],
            "transform": [
                [1.0, 0.0, 0.0, -5e-06, 0.0, 0.0, -1.0, 0.000946, 0.0, 1.0, 0.0, 0.763972, 0.0, 0.0, 0.0, 1.0],
                [1.0, 0.0, 0.0, -5e-06, 0.0, 0.0, -1.0, 0.000946, 0.0, 1.0, 0.0, 0.611545, 0.0, 0.0, 0.0, 1.0],
                [1.0, 0.0, 0.0, -5e-06, 0.0, 0.0, -1.0, 0.000946, 0.0, 1.0, 0.0, 0.763972, 0.0, 0.0, 0.0, 1.0]
            ]
        },
        {
            "name": "Thigh_R",
            "time": [0.0, 0.6667, 1.3333],
            "transform": [
                [1.0, -0.0, -0.0, 0.124994, -0.0, -0.463818, -0.88593, -0.002831, -0.0, 0.885929, -0.463819, -1.2e-05, 0.0, 0.0, 0.0, 1.0],
                [1.0, 0.0, -0.0, 0.124994, -0.0, -0.270827, -0.962628, -0.002831, -0.0, 0.962626, -0.270828, -1.2e-05, 0.0, 0.0, 0.0, 1.0],
                [1.0, -0.0, -0.0, 0.124994, -0.0, -0.463818, -0.88593, -0.002831, -0.0, 0.885929, -0.463819, -1.2e-05, 0.0, 0.0, 0.0, 1.0]
            ]
        },
        {
            "name": "Leg_R",
            "time": [0.0, 0.6667, 1.3333],
            "transform": [
                [1.0, -0.0, 1e-06, 0.0, -0.0, 0.811279, 0.584659, 0.37472, -1e-06, -0.58466, 0.811278, -0.0, 0.0, 0.0, 0.0, 1.0],
                [1.0, -0.0, 1e-06, 0.0, -0.0, 0.933152, 0.359484, 0.37472, -1e-06, -0.359484, 0.93315, 0.0, 0.0, 0.0, 0.0, 1.0],
                [1.0, -0.0, 1e-06, 0.0, -0.0, 0.811279, 0.584659, 0.37472, -1e-06, -0.58466, 0.811278, -0.0, 0.0, 0.0, 0.0, 1.0]
            ]
        },
        {
            "name": "Knee_R",
            "time": [0.0, 1.3333],
            "transform": [
                [1.0, 0.0, -0.0, 0.0, -0.0, 1e-06, -1.0, 0.385315, -0.0, 1.0, 1e-06, -0.0, 0.0, 0.0, 0.0, 1.0],
                [1.0, 0.0, -0.0, 0.0, -0.0, 1e-06, -1.0, 0.385315, -0.0, 1.0, 1e-06, -0.0, 0.0, 0.0, 0.0, 1.0]
            ]
        },
        {
            "name": "Thigh_L",
            "time": [0.0, 0.6667, 1.3333],
            "transform": [
                [1.0, -0.0, 0.0, -0.125006, -0.0, -0.495153, 0.868805, -0.002831, 0.0, -0.868805, -0.495153, -1.2e-05, 0.0, 0.0, 0.0, 1.0],
                [1.0, 0.0, 0.0, -0.125006, -0.0, -0.186639, 0.982428, -0.002831, 0.0, -0.982428, -0.18664, -1.2e-05, 0.0, 0.0, 0.0, 1.0],
                [1.0, -0.0, 0.0, -0.125006, -0.0, -0.495153, 0.868805, -0.002831, 0.0, -0.868805, -0.495153, -1.2e-05, 0.0, 0.0, 0.0, 1.0]
            ]
        },
        {
            "name": "Leg_L",
            "time": [0.0, 0.6667, 1.3333],
            "transform": [
                [1.0, -1e-06, 0.0, 0.0, -0.0, -0.095765, 0.995404, 0.37472, -1e-06, -0.995404, -0.095765, -0.0, 0.0, 0.0, 0.0, 1.0],
                [1.0, -1e-06, -0.0, 0.0, -0.0, -0.635217, 0.772334, 0.37472, -1e-06, -0.772334, -0.635217, -0.0, 0.0, 0.0, 0.0, 1.0],
                [1.0, -1e-06, 0.0, 0.0, -0.0, -0.095765, 0.995404, 0.37472, -1e-06, -0.995404, -0.095765, -0.0, 0.0, 0.0, 0.0, 1.0]
            ]
        },
        {
            "name": "Knee_L",
            "time": [0.0, 1.3333],
            "transform": [
                [1.0, 0.0, -0.0, 0.0, -0.0, 1e-06, -1.0, 0.48472, -0.0, 1.0, 1e-06, -0.0, 0.0, 0.0, 0.0, 1.0],
                [1.0, 0.0, -0.0, 0.0, -0.0, 1e-06, -1.0, 0.48472, -0.0, 1.0, 1e-06, -0.0, 0.0, 0.0, 0.0, 1.0]
            ]
        },
        {
            "name": "Torso",
            "time": [0.0, 0.6667, 1.3333],
            "transform": [
                [1.0, 0.0, 0.0, 0.0, 0.0, 0.915988, 0.401206, 0.05, 0.0, -0.401206, 0.915988, 0.0, 0.0, 0.0, 0.0, 1.0],
                [1.0, 0.0, 0.0, 0.0, 0.0, 0.820698, 0.571362, 0.05, 0.0, -0.571362, 0.820698, 0.0, 0.0, 0.0, 0.0, 1.0],
                [1.0, 0.0, 0.0, 0.0, 0.0, 0.915988, 0.401206, 0.05, 0.0, -0.401206, 0.915988, 0.0, 0.0, 0.0, 0.0, 1.0]
            ]
        },
        {
            "name": "Chest",
            "time": [0.0, 0.6667, 1.3333],
            "transform": [
                [0.905659, -0.248924, 0.343247, 0.0, 0.0, 0.809532, 0.587075, 0.3, -0.424006, -0.53169, 0.73316, 0.0, 0.0, 0.0, 0.0, 1.0],
                [0.905659, -0.153208, 0.395359, 0.0, 0.0, 0.932436, 0.361335, 0.3, -0.424006, -0.327246, 0.844469, -0.0, 0.0, 0.0, 0.0, 1.0],
                [0.905659, -0.248924, 0.343247, 0.0, 0.0, 0.809532, 0.587075, 0.3, -0.424006, -0.53169, 0.73316, 0.0, 0.0, 0.0, 0.0, 1.0]
            ]
        },
        {
            "name": "Head",
            "time": [0.0, 1.3333],
            "transform": [
                [0.908147, -0.113727, -0.402909, 0.0, -0.18925, 0.746933, -0.637398, 0.4, 0.373436, 0.655101, 0.656802, 0.0, 0.0, 0.0, 0.0, 1.0],
                [0.908147, -0.113727, -0.402909, 0.0, -0.18925, 0.746933, -0.637398, 0.4, 0.373436, 0.655101, 0.656802, 0.0, 0.0, 0.0, 0.0, 1.0]
            ]
        },
        {
            "name": "Shoulder_R",
            "time": [0.0, 1.3333],
            "transform": [
                [-0.745567, 0.592157, 0.305743, 0.0, 0.239417, -0.190154, 0.952114, 0.4, 0.621939, 0.783065, 0.0, 0.0, 0.0, 0.0, 0.0, 1.0],
                [-0.745567, 0.592157, 0.305743, 0.0, 0.239417, -0.190154, 0.952114, 0.4, 0.621939, 0.783065, 0.0, 0.0, 0.0, 0.0, 0.0, 1.0]
            ]
        },
        {
            "name": "Arm_R",
            "time": [0.0, 0.6667, 1.3333],
            "transform": [
                [0.401642, 0.142331, -0.904669, 0.0, 0.643703, 0.658781, 0.389428, 0.39386, 0.651406, -0.738749, 0.172976, 0.0, 0.0, 0.0, 0.0, 1.0],
                [0.401642, -0.294946, -0.867, -0.0, 0.643703, 0.764322, 0.038182, 0.39386, 0.651406, -0.573426, 0.496842, 0.0, 0.0, 0.0, 0.0, 1.0],
                [0.401642, 0.142331, -0.904669, 0.0, 0.643703, 0.658781, 0.389428, 0.39386, 0.651406, -0.738749, 0.172976, 0.0, 0.0, 0.0, 0.0, 1.0]
            ]
        },
        {
            "name": "Hand_R",
            "time": [0.0, 0.6667, 1.3333],
            "transform": [
                [1.0, 0.0, 0.0, 0.0, -0.0, 0.942869, -0.333164, 0.3, -0.0, 0.333164, 0.942869, -0.0, 0.0, 0.0, 0.0, 1.0],
                [1.0, 0.0, 0.0, -0.0, -0.0, 0.958837, -0.28396, 0.3, -0.0, 0.28396, 0.958837, -0.0, 0.0, 0.0, 0.0, 1.0],
                [1.0, 0.0, 0.0, 0.0, -0.0, 0.984535, -0.175192, 0.3, -0.0, 0.175192, 0.984534, -0.0, 0.0, 0.0, 0.0, 1.0]
            ]
        },
        {
            "name": "Tool_R",
            "time": [0.0, 1.3333],
            "transform": [
                [1.0, 0.0, 0.0, 0.0, 0.0, -0.999836, 0.018122, 0.272858, 0.0, -0.018122, -0.999244, 0.0, 0.0, 0.0, 0.0, 1.0],
                [1.0, 0.0, 0.0, 0.0, 0.0, -0.999836, 0.018122, 0.272858, 0.0, -0.018122, -0.999244, 0.0, 0.0, 0.0, 0.0, 1.0]
            ]
        },
        {
            "name": "Elbow_R",
            "time": [0.0, 1.3333],
            "transform": [
                [-1.0, 0.0, -0.0, 0.0, -0.0, -0.0, -1.0, 0.342154, -0.0, -1.0, 0.0, -0.0, 0.0, 0.0, 0.0, 1.0],
                [-1.0, 0.0, -0.0, 0.0, -0.0, -0.0, -1.0, 0.326827, -0.0, -1.0, 0.0, 0.0, 0.0, 0.0, 0.0, 1.0]
            ]
        },
        {
            "name": "Shoulder_L",
            "time": [0.0, 1.3333],
            "transform": [
                [-0.108467, -0.945915, -0.305744, 0.0, -0.034831, -0.303753, 0.952114, 0.4, -0.99349, 0.113923, 0.0, 0.0, 0.0, 0.0, 0.0, 1.0],
                [-0.108467, -0.945915, -0.305744, 0.0, -0.034831, -0.303753, 0.952114, 0.4, -0.99349, 0.113923, 0.0, 0.0, 0.0, 0.0, 0.0, 1.0]
            ]
        },
        {
            "name": "Arm_L",
            "time": [0.0, 0.6667, 1.3333],
            "transform": [
                [0.053303, 0.355121, 0.9333, 0.0, -0.899211, 0.423516, -0.109792, 0.39386, -0.434257, -0.83338, 0.341903, -0.0, 0.0, 0.0, 0.0, 1.0],
                [0.053303, 0.993549, -0.100095, -0.0, -0.899211, 0.004166, -0.437496, 0.39386, -0.434257, 0.113326, 0.893632, -0.0, 0.0, 0.0, 0.0, 1.0],
                [0.053303, 0.355121, 0.9333, 0.0, -0.899211, 0.423516, -0.109792, 0.39386, -0.434257, -0.83338, 0.341903, -0.0, 0.0, 0.0, 0.0, 1.0]
            ]
        },
        {
            "name": "Hand_L",
            "time": [0.0, 0.6667, 1.3333],
            "transform": [
                [1.0, 0.0, 0.0, -0.0, -0.0, 0.761425, -0.648252, 0.3, 0.0, 0.648252, 0.761425, -0.0, 0.0, 0.0, 0.0, 1.0],
                [1.0, -0.0, -0.0, -0.0, 0.0, 0.577687, -0.816258, 0.3, -0.0, 0.816259, 0.577687, 0.0, 0.0, 0.0, 0.0, 1.0],
                [1.0, 0.0, 0.0, -0.0, -0.0, 0.761425, -0.648252, 0.3, 0.0, 0.648252, 0.761425, -0.0, 0.0, 0.0, 0.0, 1.0]
            ]
        },
        {
            "name": "Tool_L",
            "time": [0.0, 1.3333],
            "transform": [
                [0.0, 0.0, 0.0, -0.0, 0.0, 0.0, 0.0, 0.272858, 0.0, 0.0, 0.0, -0.0, 0.0, 0.0, 0.0, 1.0],
                [0.0, 0.0, 0.0, -0.0, 0.0, 0.0, 0.0, 0.272858, 0.0, 0.0, 0.0, -0.0, 0.0, 0.0, 0.0, 1.0]
            ]
        },
        {
            "name": "Elbow_L",
            "time": [0.0, 1.3333],
            "transform": [
                [-1.0, 0.0, 0.0, -0.0, 0.0, -0.0, -1.0, 0.376417, -0.0, -1.0, 0.0, 0.0, 0.0, 0.0, 0.0, 1.0],
                [-1.0, 0.0, 0.0, -0.0, 0.0, -0.0, -1.0, 0.376417, -0.0, -1.0, 0.0, 0.0, 0.0, 0.0, 0.0, 1.0]
            ]
        }
    ]
}