{
    "animation": [
        {
            "name": "Root",
            "time": [0.0, 1.3333, 2.6667],
            "transform": [
                [0.830933, 0.0, -0.556372, -5e-06, -0.556372, 0.0, -0.830933, 0.000946, 0.0, 1.0, 0.0, 0.667827, 0.0, 0.0, 0.0, 1.0],
                [0.830933, 0.0, -0.556372, -5e-06, -0.556372, 0.0, -0.830933, 0.000946, 0.0, 1.0, 0.0, 0.624563, 0.0, 0.0, 0.0, 1.0],
                [0.830933, 0.0, -0.556372, -5e-06, -0.556372, 0.0, -0.830933, 0.000946, 0.0, 1.0, 0.0, 0.667827, 0.0, 0.0, 0.0, 1.0]
            ]
        },
        {
            "name": "Thigh_R",
            "time": [0.0, 1.3333, 2.6667],
            "transform": [
                [1.0, -0.0, 0.0, 0.124994, -0.0, -0.688675, 0.725069, -0.002831, 0.0, -0.725067, -0.688677, -1.2e-05, 0.0, 0.0, 0.0, 1.0],
                [1.0, -0.0, 0.0, 0.124994, -0.0, -0.571902, 0.820321, -0.002831, 0.0, -0.820319, -0.571904, -1.2e-05, 0.0, 0.0, 0.0, 1.0],
                [1.0, -0.0, 0.0, 0.124994, -0.0, -0.688675, 0.725069, -0.002831, 0.0, -0.725067, -0.688677, -1.2e-05, 0.0, 0.0, 0.0, 1.0]
            ]
        },
        {
            "name": "Leg_R",
            "time": [0.0, 1.3333, 2.6667],
            "transform": [
                [1.0, -0.0, 1e-06, 0.0, -0.0, 0.676118, 0.736793, 0.37472, -1e-06, -0.736794, 0.676117, 0.0, 0.0, 0.0, 0.0, 1.0],
                [1.0, -0.0, 1e-06, -0.0, -0.0, 0.48721, 0.873284, 0.37472, -1e-06, -0.873285, 0.487209, -0.0, 0.0, 0.0, 0.0, 1.0],
                [1.0, -0.0, 1e-06, 0.0, -0.0, 0.676118, 0.736793, 0.37472, -1e-06, -0.736794, 0.676117, 0.0, 0.0, 0.0, 0.0, 1.0]
            ]
        },
        {
            "name": "Knee_R",
            "time": [0.0, 2.6667],
            "transform": [
                [1.0, 0.0, -0.0, 0.0, -0.0, 1e-06, -1.0, 0.406728, -0.0, 1.0, 1e-06, -0.0, 0.0, 0.0, 0.0, 1.0],
                [1.0, 0.0, -0.0, 0.0, -0.0, 1e-06, -1.0, 0.406728, -0.0, 1.0, 1e-06, -0.0, 0.0, 0.0, 0.0, 1.0]
            ]
        },
        {
            "name": "Thigh_L",
            "time": [0.0, 1.3333, 2.6667],
            "transform": [
                [0.700655, -0.662862, -0.263997, -0.125006, -0.47557, -0.709694, 0.519775, -0.002831, -0.531897, -0.238634, -0.812489, -1.2e-05, 0.0, 0.0, 0.0, 1.0],
                [0.700655, -0.634447, -0.326433, -0.125006, -0.47557, -0.756329, 0.44922, -0.002831, -0.531897, -0.159506, -0.831651, -1.2e-05, 0.0, 0.0, 0.0, 1.0],
                [0.700655, -0.662862, -0.263997, -0.125006, -0.47557, -0.709694, 0.519775, -0.002831, -0.531897, -0.238634, -0.812489, -1.2e-05, 0.0, 0.0, 0.0, 1.0]
            ]
        },
        {
            "name": "Leg_L",
            "time": [0.0, 1.3333, 2.6667],
            "transform": [
                [1.0, -0.0, 1e-06, 0.0, -0.0, 0.874351, 0.485293, 0.37472, -1e-06, -0.485293, 0.874352, -0.0, 0.0, 0.0, 0.0, 1.0],
                [1.0, -0.0, 1e-06, 0.0, -0.0, 0.776518, 0.630095, 0.37472, -1e-06, -0.630094, 0.776519, 0.0, 0.0, 0.0, 0.0, 1.0],
                [1.0, -0.0, 1e-06, 0.0, -0.0, 0.874351, 0.485293, 0.37472, -1e-06, -0.485293, 0.874352, -0.0, 0.0, 0.0, 0.0, 1.0]
            ]
        },
        {
            "name": "Knee_L",
            "time": [0.0, 2.6667],
            "transform": [
                [1.0, 0.0, -0.0, 0.0, -0.0, 1e-06, -1.0, 0.37472, -0.0, 1.0, 1e-06, -0.0, 0.0, 0.0, 0.0, 1.0],
                [1.0, 0.0, -0.0, 0.0, -0.0, 1e-06, -1.0, 0.37472, -0.0, 1.0, 1e-06, -0.0, 0.0, 0.0, 0.0, 1.0]
            ]
        },
        {
            "name": "Torso",
            "time": [0.0, 2.6667],
            "transform": [
                [0.99896, 0.0, -0.045595, -0.0, 0.0, 1.0, 0.0, 0.05, 0.045595, 0.0, 0.99896, 0.0, 0.0, 0.0, 0.0, 1.0],
                [0.99896, 0.0, -0.045595, -0.0, 0.0, 1.0, 0.0, 0.05, 0.045595, 0.0, 0.99896, 0.0, 0.0, 0.0, 0.0, 1.0]
            ]
        },
        {
            "name": "Chest",
            "time": [0.0, 1.3333, 2.6667],
            "transform": [
                [0.971455, -0.068275, -0.227187, -0.0, 0.121849, 0.965312, 0.230925, 0.3, 0.20354, -0.252016, 0.946076, 0.0, 0.0, 0.0, 0.0, 1.0],
                [0.971734, 0.064179, -0.227187, -0.0, -0.010268, 0.972917, 0.230925, 0.3, 0.235855, -0.222065, 0.946076, 0.0, 0.0, 0.0, 0.0, 1.0],
                [0.971455, -0.068275, -0.227187, -0.0, 0.121849, 0.965312, 0.230925, 0.3, 0.20354, -0.252016, 0.946076, 0.0, 0.0, 0.0, 0.0, 1.0]
            ]
        },
        {
            "name": "Head",
            "time": [0.0, 2.6667],
            "transform": [
                [0.701993, 0.0, 0.712184, 0.0, -0.0, 1.0, -0.0, 0.4, -0.712184, -0.0, 0.701993, -0.0, 0.0, 0.0, 0.0, 1.0],
                [0.701993, 0.0, 0.712184, 0.0, -0.0, 1.0, -0.0, 0.4, -0.712184, -0.0, 0.701993, -0.0, 0.0, 0.0, 0.0, 1.0]
            ]
        },
        {
            "name": "Shoulder_R",
            "time": [0.0, 2.6667],
            "transform": [
                [-0.414072, 0.857359, 0.305743, 0.0, 0.132967, -0.275316, 0.952114, 0.4, 0.90048, 0.434898, -0.0, -0.0, 0.0, 0.0, 0.0, 1.0],
                [-0.414072, 0.857359, 0.305743, 0.0, 0.132967, -0.275316, 0.952114, 0.4, 0.90048, 0.434898, -0.0, -0.0, 0.0, 0.0, 0.0, 1.0]
            ]
        },
        {
            "name": "Arm_R",
            "time": [0.0, 1.0, 1.6667, 2.6667],
            "transform": [
                [0.0, 0.520747, -0.853711, 0.0, 0.952114, 0.261016, 0.159215, 0.393861, 0.305743, -0.81283, -0.495811, 0.0, 0.0, 0.0, 0.0, 1.0],
                [0.0, -0.387558, -0.921845, 0.0, 0.952114, 0.281848, -0.118493, 0.393861, 0.305743, -0.877702, 0.369, -0.0, 0.0, 0.0, 0.0, 1.0],
                [0.0, 0.920479, -0.390791, 0.0, 0.952114, 0.119482, 0.28143, 0.393861, 0.305743, -0.372078, -0.876401, -0.0, 0.0, 0.0, 0.0, 1.0],
                [0.0, 0.520747, -0.853711, 0.0, 0.952114, 0.261016, 0.159215, 0.393861, 0.305743, -0.81283, -0.495811, 0.0, 0.0, 0.0, 0.0, 1.0]
            ]
        },
        {
            "name": "Hand_R",
            "time": [0.0, 1.0, 1.6667, 2.6667],
            "transform": [
                [1.0, 0.0, 0.0, -0.0, -0.0, 0.830826, -0.556533, 0.3, -0.0, 0.556533, 0.830826, -0.0, 0.0, 0.0, 0.0, 1.0],
                [1.0, 0.0, 0.0, -0.0, -0.0, 0.716858, -0.69722, 0.3, -0.0, 0.69722, 0.716858, 0.0, 0.0, 0.0, 0.0, 1.0],
                [1.0, 0.0, 0.0, -0.0, -0.0, 0.934918, -0.354865, 0.3, -0.0, 0.354865, 0.934918, -0.0, 0.0, 0.0, 0.0, 1.0],
                [1.0, 0.0, 0.0, -0.0, -0.0, 0.830826, -0.556533, 0.3, -0.0, 0.556533, 0.830826, -0.0, 0.0, 0.0, 0.0, 1.0]
            ]
        },
        {
            "name": "Tool_R",
            "time": [0.0, 2.6667],
            "transform": [
                [1.0, 0.0, 0.0, 0.0, 0.0, -0.999836, 0.018122, 0.272858, 0.0, -0.018122, -0.999244, 0.0, 0.0, 0.0, 0.0, 1.0],
                [1.0, 0.0, 0.0, 0.0, 0.0, -0.999836, 0.018122, 0.272858, 0.0, -0.018122, -0.999244, 0.0, 0.0, 0.0, 0.0, 1.0]
            ]
        },
        {
            "name": "Elbow_R",
            "time": [0.0, 2.6667],
            "transform": [
                [-1.0, 0.0, -0.0, -0.0, 0.0, 0.0, -1.0, 0.365633, -0.0, -1.0, 0.0, -0.0, 0.0, 0.0, 0.0, 1.0],
                [-1.0, 0.0, -0.0, -0.0, 0.0, 0.0, -1.0, 0.365633, -0.0, -1.0, 0.0, -0.0, 0.0, 0.0, 0.0, 1.0]
            ]
        },
        {
            "name": "Shoulder_L",
            "time": [0.0, 2.6667],
            "transform": [
                [0.21424, -0.930007, -0.298644, 0.0, 0.0, -0.305743, 0.952114, 0.4, -0.976781, -0.203981, -0.065502, -0.0, 0.0, 0.0, 0.0, 1.0],
                [0.21424, -0.930007, -0.298644, 0.0, 0.0, -0.305743, 0.952114, 0.4, -0.976781, -0.203981, -0.065502, -0.0, 0.0, 0.0, 0.0, 1.0]
            ]
        },
        {
            "name": "Arm_L",
            "time": [0.0, 0.6667, 2.0, 2.6667],
            "transform": [
                [-0.237503, 0.541527, 0.806437, 0.0, -0.483499, 0.654144, -0.581657, 0.39386, -0.842509, -0.528056, 0.106466, -0.0, 0.0, 0.0, 0.0, 1.0],
                [-0.237503, 0.820832, 0.519449, -0.0, -0.483499, 0.36391, -0.796115, 0.39386, -0.842509, -0.440233, 0.310441, -0.0, 0.0, 0.0, 0.0, 1.0],
                [-0.237503, 0.010196, 0.971333, 0.0, -0.483499, 0.866037, -0.127313, 0.39386, -0.842509, -0.499875, -0.200757, -0.0, 0.0, 0.0, 0.0, 1.0],
                [-0.237503, 0.541527, 0.806437, 0.0, -0.483499, 0.654144, -0.581657, 0.39386, -0.842509, -0.528056, 0.106466, -0.0, 0.0, 0.0, 0.0, 1.0]
            ]
        },
        {
            "name": "Hand_L",
            "time": [0.0, 0.6667, 2.0, 2.6667],
            "transform": [
                [1.0, 0.0, 0.0, 0.0, -0.0, 0.907683, -0.419657, 0.3, -0.0, 0.419657, 0.907683, 0.0, 0.0, 0.0, 0.0, 1.0],
                [1.0, 0.0, -0.0, -0.0, -0.0, 0.680877, -0.732398, 0.3, -0.0, 0.732398, 0.680877, -0.0, 0.0, 0.0, 0.0, 1.0],
                [1.0, -0.0, 0.0, 0.0, -0.0, 0.976641, -0.214875, 0.3, -0.0, 0.214875, 0.976641, -0.0, 0.0, 0.0, 0.0, 1.0],
                [1.0, 0.0, 0.0, 0.0, -0.0, 0.907683, -0.419657, 0.3, -0.0, 0.419657, 0.907683, 0.0, 0.0, 0.0, 0.0, 1.0]
            ]
        },
        {
            "name": "Tool_L",
            "time": [0.0, 2.6667],
            "transform": [
                [0.0, 0.0, 0.0, -0.0, 0.0, 0.0, 0.0, 0.272858, 0.0, 0.0, 0.0, -0.0, 0.0, 0.0, 0.0, 1.0],
                [0.0, 0.0, 0.0, -0.0, 0.0, 0.0, 0.0, 0.272858, 0.0, 0.0, 0.0, -0.0, 0.0, 0.0, 0.0, 1.0]
            ]
        },
        {
            "name": "Elbow_L",
            "time": [0.0, 2.6667],
            "transform": [
                [-1.0, 0.0, -0.0, 0.0, 0.0, -0.0, -1.0, 0.350907, -0.0, -1.0, -0.0, 0.0, 0.0, 0.0, 0.0, 1.0],
                [-1.0, 0.0, -0.0, 0.0, 0.0, -0.0, -1.0, 0.350907, -0.0, -1.0, -0.0, 0.0, 0.0, 0.0, 0.0, 1.0]
            ]
        }
    ]
}