{
    "animation": [
        {
            "name": "Root",
            "time": [0.0, 1.3333],
            "transform": [
                [1.0, 0.0, 0.0, -5e-06, 0.0, 0.0, -1.0, 0.000946, 0.0, 1.0, 0.0, 0.763972, 0.0, 0.0, 0.0, 1.0],
                [1.0, 0.0, 0.0, -5e-06, 0.0, 0.0, -1.0, 0.000946, 0.0, 1.0, 0.0, 0.763972, 0.0, 0.0, 0.0, 1.0]
            ]
        },
        {
            "name": "Thigh_R",
            "time": [0.0, 1.3333],
            "transform": [
                [1.0, -0.0, -0.0, 0.124994, 0.0, -0.999998, 1e-06, -0.002831, -0.0, -0.0, -1.0, -1.2e-05, 0.0, 0.0, 0.0, 1.0],
                [1.0, -0.0, -0.0, 0.124994, 0.0, -0.999998, 1e-06, -0.002831, -0.0, -0.0, -1.0, -1.2e-05, 0.0, 0.0, 0.0, 1.0]
            ]
        },
        {
            "name": "Leg_R",
            "time": [0.0, 1.3333],
            "transform": [
                [1.0, 0.0, 1e-06, 0.0, -0.0, 1.000001, 0.0, 0.37472, -1e-06, -0.0, 0.999999, -0.0, 0.0, 0.0, 0.0, 1.0],
                [1.0, 0.0, 1e-06, 0.0, -0.0, 1.000001, 0.0, 0.37472, -1e-06, -0.0, 0.999999, -0.0, 0.0, 0.0, 0.0, 1.0]
            ]
        },
        {
            "name": "Knee_R",
            "time": [0.0, 1.3333],
            "transform": [
                [1.0, 0.0, -0.0, 0.0, -0.0, 1e-06, -1.0, 0.37472, -0.0, 1.0, 1e-06, -0.0, 0.0, 0.0, 0.0, 1.0],
                [1.0, 0.0, -0.0, 0.0, -0.0, 1e-06, -1.0, 0.37472, -0.0, 1.0, 1e-06, -0.0, 0.0, 0.0, 0.0, 1.0]
            ]
        },
        {
            "name": "Thigh_L",
            "time": [0.0, 1.3333],
            "transform": [
                [1.0, -0.0, -0.0, -0.125006, 0.0, -0.999999, 1e-06, -0.002831, -0.0, -0.0, -1.0, -1.2e-05, 0.0, 0.0, 0.0, 1.0],
                [1.0, -0.0, -0.0, -0.125006, 0.0, -0.999999, 1e-06, -0.002831, -0.0, -0.0, -1.0, -1.2e-05, 0.0, 0.0, 0.0, 1.0]
            ]
        },
        {
            "name": "Leg_L",
            "time": [0.0, 1.3333],
            "transform": [
                [1.0, 0.0, 1e-06, -0.0, -0.0, 1.0, 0.0, 0.37472, -1e-06, -0.0, 1.0, 0.0, 0.0, 0.0, 0.0, 1.0],
                [1.0, 0.0, 1e-06, -0.0, -0.0, 1.0, 0.0, 0.37472, -1e-06, -0.0, 1.0, 0.0, 0.0, 0.0, 0.0, 1.0]
            ]
        },
        {
            "name": "Knee_L",
            "time": [0.0, 1.3333],
            "transform": [
                [1.0, 0.0, -0.0, -0.0, -0.0, 1e-06, -1.0, 0.37472, -0.0, 1.0, 1e-06, 0.0, 0.0, 0.0, 0.0, 1.0],
                [1.0, 0.0, -0.0, -0.0, -0.0, 1e-06, -1.0, 0.37472, -0.0, 1.0, 1e-06, 0.0, 0.0, 0.0, 0.0, 1.0]
            ]
        },
        {
            "name": "Torso",
            "time": [0.0, 1.3333],
            "transform": [
                [1.0, 0.0, 0.0, 0.0, 0.0, 1.0, 0.0, 0.05, 0.0, 0.0, 1.0, 0.0, 0.0, 0.0, 0.0, 1.0],
                [1.0, 0.0, 0.0, 0.0, 0.0, 1.0, 0.0, 0.05, 0.0, 0.0, 1.0, 0.0, 0.0, 0.0, 0.0, 1.0]
            ]
        },
        {
            "name": "Chest",
            "time": [0.0, 0.4167, 0.8333, 1.3333],
            "transform": [
                [0.905659, -0.050219, 0.421022, 0.0, 0.0, 0.992961, 0.118439, 0.3, -0.424007, -0.107265, 0.899285, 0.0, 0.0, 0.0, 0.0, 1.0],
                [0.906996, -0.009932, 0.421022, 0.0, -0.044116, 0.991981, 0.118439, 0.3, -0.418822, -0.125997, 0.899284, 0.0, 0.0, 0.0, 0.0, 1.0],
                [0.904054, -0.073673, 0.421022, 0.0, 0.025733, 0.992628, 0.118439, 0.3, -0.426644, -0.096241, 0.899285, 0.0, 0.0, 0.0, 0.0, 1.0],
                [0.905659, -0.050219, 0.421022, 0.0, 0.0, 0.992961, 0.118439, 0.3, -0.424007, -0.107265, 0.899285, 0.0, 0.0, 0.0, 0.0, 1.0]
            ]
        },
        {
            "name": "Head",
            "time": [0.0, 0.6667, 1.3333],
            "transform": [
                [0.92486, -0.0, -0.380308, 0.0, 0.0, 1.0, 0.0, 0.4, 0.380308, -0.0, 0.92486, -0.0, 0.0, 0.0, 0.0, 1.0],
                [0.961111, -0.0, -0.276164, -0.0, 0.0, 1.0, 0.0, 0.4, 0.276164, -0.0, 0.96111, -0.0, 0.0, 0.0, 0.0, 1.0],
                [0.92486, -0.0, -0.380308, 0.0, 0.0, 1.0, 0.0, 0.4, 0.380308, -0.0, 0.92486, -0.0, 0.0, 0.0, 0.0, 1.0]
            ]
        },
        {
            "name": "Shoulder_R",
            "time": [0.0, 1.3333],
            "transform": [
                [0.0, 0.952114, 0.305743, 0.0, 0.0, -0.305743, 0.952114, 0.4, 1.0, -0.0, -0.0, -0.0, 0.0, 0.0, 0.0, 1.0],
                [0.0, 0.952114, 0.305743, 0.0, 0.0, -0.305743, 0.952114, 0.4, 1.0, -0.0, -0.0, -0.0, 0.0, 0.0, 0.0, 1.0]
            ]
        },
        {
            "name": "Arm_R",
            "time": [0.0, 0.6667, 1.3333],
            "transform": [
                [-0.017046, -0.787584, -0.615971, -0.0, -0.09014, 0.614763, -0.783544, 0.393861, 0.995783, 0.042167, -0.081472, 0.0, 0.0, 0.0, 0.0, 1.0],
                [-0.017046, -0.848763, -0.528498, -0.0, -0.09014, 0.527727, -0.844618, 0.39386, 0.995783, 0.033242, -0.085503, -0.0, 0.0, 0.0, 0.0, 1.0],
                [-0.017046, -0.787584, -0.615971, -0.0, -0.09014, 0.614763, -0.783544, 0.393861, 0.995783, 0.042167, -0.081472, 0.0, 0.0, 0.0, 0.0, 1.0]
            ]
        },
        {
            "name": "Hand_R",
            "time": [0.0, 0.6667, 1.3333],
            "transform": [
                [1.0, 0.0, 0.0, 0.0, -0.0, 0.984535, -0.175192, 0.3, -0.0, 0.175192, 0.984535, -0.0, 0.0, 0.0, 0.0, 1.0],
                [1.0, 0.0, 0.0, -0.0, -0.0, 0.958836, -0.28396, 0.3, -0.0, 0.28396, 0.958837, 0.0, 0.0, 0.0, 0.0, 1.0],
                [1.0, 0.0, 0.0, 0.0, -0.0, 0.984535, -0.175192, 0.3, -0.0, 0.175192, 0.984535, -0.0, 0.0, 0.0, 0.0, 1.0]
            ]
        },
        {
            "name": "Tool_R",
            "time": [0.0, 1.3333],
            "transform": [
                [1.0, 0.0, 0.0, 0.0, 0.0, -0.999836, 0.018122, 0.272858, 0.0, -0.018122, -0.999244, -0.0, 0.0, 0.0, 0.0, 1.0],
                [1.0, 0.0, 0.0, 0.0, 0.0, -0.999836, 0.018122, 0.272858, 0.0, -0.018122, -0.999244, -0.0, 0.0, 0.0, 0.0, 1.0]
            ]
        },
        {
            "name": "Elbow_R",
            "time": [0.0, 1.3333],
            "transform": [
                [-1.0, 0.0, -0.0, -0.0, 0.0, -0.0, -1.0, 0.326827, -0.0, -1.0, 0.0, -0.0, 0.0, 0.0, 0.0, 1.0],
                [-1.0, 0.0, -0.0, -0.0, 0.0, -0.0, -1.0, 0.326827, -0.0, -1.0, 0.0, -0.0, 0.0, 0.0, 0.0, 1.0]
            ]
        },
        {
            "name": "Shoulder_L",
            "time": [0.0, 1.3333],
            "transform": [
                [-0.108467, -0.945915, -0.305743, 0.0, -0.034831, -0.303753, 0.952114, 0.4, -0.99349, 0.113923, 0.0, -0.0, 0.0, 0.0, 0.0, 1.0],
                [-0.108467, -0.945915, -0.305743, 0.0, -0.034831, -0.303753, 0.952114, 0.4, -0.99349, 0.113923, 0.0, -0.0, 0.0, 0.0, 0.0, 1.0]
            ]
        },
        {
            "name": "Arm_L",
            "time": [0.0, 0.6667, 1.3333],
            "transform": [
                [0.053303, 0.355121, 0.9333, 0.0, -0.899211, 0.423516, -0.109792, 0.39386, -0.434257, -0.83338, 0.341903, -0.0, 0.0, 0.0, 0.0, 1.0],
                [0.053303, 0.669643, 0.740768, 0.0, -0.899211, 0.354788, -0.256019, 0.39386, -0.434257, -0.65246, 0.621061, -0.0, 0.0, 0.0, 0.0, 1.0],
                [0.053303, 0.355121, 0.9333, 0.0, -0.899211, 0.423516, -0.109792, 0.39386, -0.434257, -0.83338, 0.341903, -0.0, 0.0, 0.0, 0.0, 1.0]
            ]
        },
        {
            "name": "Hand_L",
            "time": [0.0, 0.6667, 1.3333],
            "transform": [
                [1.0, 0.0, 0.0, 0.0, -0.0, 0.761426, -0.648252, 0.3, -0.0, 0.648252, 0.761426, -0.0, 0.0, 0.0, 0.0, 1.0],
                [1.0, 0.0, -0.0, -0.0, -0.0, 0.577687, -0.816259, 0.3, -0.0, 0.816259, 0.577687, -0.0, 0.0, 0.0, 0.0, 1.0],
                [1.0, 0.0, 0.0, 0.0, -0.0, 0.761426, -0.648252, 0.3, -0.0, 0.648252, 0.761426, -0.0, 0.0, 0.0, 0.0, 1.0]
            ]
        },
        {
            "name": "Tool_L",
            "time": [0.0, 1.3333],
            "transform": [
                [0.0, 0.0, 0.0, 0.0, 0.0, 0.0, 0.0, 0.272858, 0.0, 0.0, 0.0, -0.0, 0.0, 0.0, 0.0, 1.0],
                [0.0, 0.0, 0.0, 0.0, 0.0, 0.0, 0.0, 0.272858, 0.0, 0.0, 0.0, -0.0, 0.0, 0.0, 0.0, 1.0]
            ]
        },
        {
            "name": "Elbow_L",
            "time": [0.0, 1.3333],
            "transform": [
                [-1.0, 0.0, -0.0, -0.0, 0.0, -0.0, -1.0, 0.376417, -0.0, -1.0, 0.0, 0.0, 0.0, 0.0, 0.0, 1.0],
                [-1.0, 0.0, -0.0, -0.0, 0.0, -0.0, -1.0, 0.376417, -0.0, -1.0, 0.0, 0.0, 0.0, 0.0, 0.0, 1.0]
            ]
        }
    ]
}