{
    "animation": [
        {
            "name": "Root",
            "time": [0.0, 1.05],
            "transform": [
                [1.0, 0.0, 0.0, -5e-06, 0.0, 0.0, -1.0, 0.000946, 0.0, 1.0, 0.0, 0.763972, 0.0, 0.0, 0.0, 1.0],
                [1.0, 0.0, 0.0, -5e-06, 0.0, 0.0, -1.0, 0.000946, 0.0, 1.0, 0.0, 0.763972, 0.0, 0.0, 0.0, 1.0]
            ]
        },
        {
            "name": "Thigh_R",
            "time": [0.0, 1.05],
            "transform": [
                [0.895112, 0.152574, 0.418922, 0.124994, -0.0, -0.939619, 0.342218, -0.002831, 0.445841, -0.306322, -0.841066, -1.2e-05, 0.0, 0.0, 0.0, 1.0],
                [0.895112, 0.152574, 0.418922, 0.124994, -0.0, -0.939619, 0.342218, -0.002831, 0.445841, -0.306322, -0.841066, -1.2e-05, 0.0, 0.0, 0.0, 1.0]
            ]
        },
        {
            "name": "Leg_R",
            "time": [0.0, 1.05],
            "transform": [
                [1.0, -0.0, 1e-06, -0.0, -0.0, 0.925199, 0.379484, 0.37472, -1e-06, -0.379485, 0.925198, 0.0, 0.0, 0.0, 0.0, 1.0],
                [1.0, -0.0, 1e-06, -0.0, -0.0, 0.925199, 0.379484, 0.37472, -1e-06, -0.379485, 0.925198, 0.0, 0.0, 0.0, 0.0, 1.0]
            ]
        },
        {
            "name": "Knee_R",
            "time": [0.0, 1.05],
            "transform": [
                [1.0, 0.0, -0.0, -0.0, -0.0, 1e-06, -1.0, 0.37472, -0.0, 1.0, 1e-06, 0.0, 0.0, 0.0, 0.0, 1.0],
                [1.0, 0.0, -0.0, -0.0, -0.0, 1e-06, -1.0, 0.37472, -0.0, 1.0, 1e-06, 0.0, 0.0, 0.0, 0.0, 1.0]
            ]
        },
        {
            "name": "Thigh_L",
            "time": [0.0, 1.05],
            "transform": [
                [0.979896, -0.199505, -0.0, -0.125006, -0.199505, -0.979896, 1e-06, -0.002831, -0.0, -0.0, -1.0, -1.2e-05, 0.0, 0.0, 0.0, 1.0],
                [0.979896, -0.199505, -0.0, -0.125006, -0.199505, -0.979896, 1e-06, -0.002831, -0.0, -0.0, -1.0, -1.2e-05, 0.0, 0.0, 0.0, 1.0]
            ]
        },
        {
            "name": "Leg_L",
            "time": [0.0, 1.05],
            "transform": [
                [1.0, 0.0, 1e-06, -0.0, -0.0, 0.983174, 0.182667, 0.37472, -1e-06, -0.182667, 0.983175, 0.0, 0.0, 0.0, 0.0, 1.0],
                [1.0, 0.0, 1e-06, -0.0, -0.0, 0.983174, 0.182667, 0.37472, -1e-06, -0.182667, 0.983175, 0.0, 0.0, 0.0, 0.0, 1.0]
            ]
        },
        {
            "name": "Knee_L",
            "time": [0.0, 1.05],
            "transform": [
                [1.0, 0.0, -0.0, -0.0, -0.0, 1e-06, -1.0, 0.37472, -0.0, 1.0, 1e-06, 0.0, 0.0, 0.0, 0.0, 1.0],
                [1.0, 0.0, -0.0, -0.0, -0.0, 1e-06, -1.0, 0.37472, -0.0, 1.0, 1e-06, 0.0, 0.0, 0.0, 0.0, 1.0]
            ]
        },
        {
            "name": "Torso",
            "time": [0.0, 1.05],
            "transform": [
                [1.0, 0.0, 0.0, 0.0, 0.0, 1.0, 0.0, 0.05, 0.0, 0.0, 1.0, 0.0, 0.0, 0.0, 0.0, 1.0],
                [1.0, 0.0, 0.0, 0.0, 0.0, 1.0, 0.0, 0.05, 0.0, 0.0, 1.0, 0.0, 0.0, 0.0, 0.0, 1.0]
            ]
        },
        {
            "name": "Chest",
            "time": [0.0, 0.1667, 0.5, 1.0, 1.05],
            "transform": [
                [0.970906, 0.022202, -0.238428, 0.0, 0.056492, 0.946351, 0.318165, 0.3, 0.2327, -0.322377, 0.917564, 0.0, 0.0, 0.0, 0.0, 1.0],
                [0.970906, -0.054309, -0.23322, 0.0, 0.056492, 0.998399, 0.002689, 0.3, 0.2327, -0.015786, 0.97242, 0.0, 0.0, 0.0, 0.0, 1.0],
                [0.991256, -0.12563, -0.040354, 0.0, 0.111081, 0.959552, -0.25869, 0.3, 0.071221, 0.251945, 0.965117, 0.0, 0.0, 0.0, 0.0, 1.0],
                [0.999185, 0.000672, -0.040354, 0.0, -0.011098, 0.965897, -0.25869, 0.3, 0.038804, 0.258927, 0.965117, 0.0, 0.0, 0.0, 0.0, 1.0],
                [0.999185, 0.000672, -0.040354, 0.0, -0.011098, 0.965897, -0.25869, 0.3, 0.038804, 0.258927, 0.965117, 0.0, 0.0, 0.0, 0.0, 1.0]
            ]
        },
        {
            "name": "Head",
            "time": [0.1667, 1.0, 0.0, 1.05],
            "transform": [
                [1.0, 0.0, 0.0, 0.0, -0.0, 0.95938, -0.282118, 0.4, 0.0, 0.282118, 0.95938, 0.0, 0.0, 0.0, 0.0, 1.0],
                [1.0, 0.0, -0.0, 0.0, -0.0, 0.95938, -0.282118, 0.4, 0.0, 0.282118, 0.95938, 0.0, 0.0, 0.0, 0.0, 1.0],
                [1.0, 0.0, 0.0, -0.0, -0.0, 0.866935, 0.498421, 0.4, -0.0, -0.498421, 0.866935, 0.0, 0.0, 0.0, 0.0, 1.0],
                [1.0, 0.0, 0.0, -0.0, -0.0, 0.866935, 0.498421, 0.4, -0.0, -0.498421, 0.866935, 0.0, 0.0, 0.0, 0.0, 1.0]
            ]
        },
        {
            "name": "Shoulder_R",
            "time": [0.0, 1.05],
            "transform": [
                [0.0, 0.952114, 0.305743, 0.0, 0.0, -0.305743, 0.952114, 0.4, 1.0, -0.0, -0.0, 0.0, 0.0, 0.0, 0.0, 1.0],
                [0.0, 0.952114, 0.305743, -0.0, -0.0, -0.305743, 0.952114, 0.4, 1.0, -0.0, -0.0, 0.0, 0.0, 0.0, 0.0, 1.0]
            ]
        },
        {
            "name": "Arm_R",
            "time": [0.0, 0.1667, 0.5, 0.8333, 1.0, 1.05],
            "transform": [
                [0.719921, 0.316314, -0.617786, -0.0, 0.484129, 0.408946, 0.773552, 0.39386, 0.497326, -0.855984, 0.141272, -0.0, 0.0, 0.0, 0.0, 1.0],
                [0.693228, -0.175489, 0.699027, 0.0, 0.719992, 0.212164, -0.660755, 0.39386, -0.032353, 0.961348, 0.273429, -0.0, 0.0, 0.0, 0.0, 1.0],
                [0.002735, -0.911661, 0.410934, 0.0, 0.995843, -0.034932, -0.084126, 0.39386, 0.091049, 0.409455, 0.907775, -0.0, 0.0, 0.0, 0.0, 1.0],
                [0.002735, -0.911661, 0.410934, 0.0, 0.995843, -0.034932, -0.084126, 0.393861, 0.091049, 0.409455, 0.907775, -0.0, 0.0, 0.0, 0.0, 1.0],
                [-0.460681, 0.799529, 0.385391, 0.0, 0.18645, 0.511698, -0.83869, 0.39386, -0.867761, -0.314512, -0.384802, -0.0, 0.0, 0.0, 0.0, 1.0],
                [-0.467713, 0.834254, 0.292, 0.0, 0.233825, 0.435376, -0.869352, 0.39386, -0.852391, -0.338331, -0.398701, -0.0, 0.0, 0.0, 0.0, 1.0]
            ]
        },
        {
            "name": "Hand_R",
            "time": [0.0, 0.9167, 1.05],
            "transform": [
                [1.0, 0.0, 0.0, 0.0, 0.0, 0.997987, -0.063427, 0.3, -0.0, 0.063427, 0.997987, -0.0, 0.0, 0.0, 0.0, 1.0],
                [1.0, -0.0, 0.0, -0.0, -0.0, 0.694996, 0.719014, 0.3, -0.0, -0.719014, 0.694996, 0.0, 0.0, 0.0, 0.0, 1.0],
                [1.0, -0.0, 0.0, 0.0, 0.0, 0.694996, 0.719014, 0.3, -0.0, -0.719014, 0.694996, -0.0, 0.0, 0.0, 0.0, 1.0]
            ]
        },
        {
            "name": "Tool_R",
            "time": [0.0, 0.3167, 0.3333, 0.5, 0.5833, 0.6667, 0.75, 0.8333, 0.8833, 0.9167, 0.9667, 1.0, 1.05],
            "transform": [
                [0.0, 0.0, 0.0, 0.0, 0.0, 0.0, 0.0, 0.272858, 0.0, 0.0, 0.0, -0.0, 0.0, 0.0, 0.0, 1.0],
                [0.0, 0.0, 0.0, -0.0, 0.0, 0.0, 0.0, 0.272858, 0.0, 0.0, 0.0, 0.0, 0.0, 0.0, 0.0, 1.0],
                [0.01886, -1.1e-05, 0.999822, -0.0, -0.01812, -0.999836, 0.000331, 0.272858, 0.999066, -0.018124, -0.018846, 0.0, 0.0, 0.0, 0.0, 1.0],
                [0.01886, -1.1e-05, 0.999822, -0.0, -0.018121, -0.999836, 0.000331, 0.272858, 0.999066, -0.018124, -0.018846, -0.0, 0.0, 0.0, 0.0, 1.0],
                [-0.999873, -1.1e-05, -0.015934, -0.0, 0.000299, -0.999836, -0.018111, 0.272858, -0.015921, -0.018113, 0.999117, -0.0, 0.0, 0.0, 0.0, 1.0],
                [0.013184, -2.1e-05, -0.999913, -0.0, 0.018113, -0.999836, 0.00026, 0.272858, -0.999157, -0.018114, -0.013174, -0.0, 0.0, 0.0, 0.0, 1.0],
                [0.999944, -1.1e-05, 0.01059, 0.0, -0.000203, -0.999836, 0.018113, 0.272858, 0.010582, -0.018114, -0.999188, 0.0, 0.0, 0.0, 0.0, 1.0],
                [0.752763, -1.4e-05, 0.658292, 0.0, -0.011937, -0.999836, 0.013629, 0.272858, 0.657794, -0.018117, -0.752194, -0.0, 0.0, 0.0, 0.0, 1.0],
                [0.006126, -1.2e-05, 0.999981, 0.0, -0.018122, -0.999836, 9.9e-05, 0.272858, 0.999225, -0.018122, -0.006121, -0.0, 0.0, 0.0, 0.0, 1.0],
                [-0.999603, -1.2e-05, -0.028192, 0.0, 0.000523, -0.999836, -0.018105, 0.272858, -0.02817, -0.018112, 0.998847, -0.0, 0.0, 0.0, 0.0, 1.0],
                [-0.03046, -1.2e-05, -0.999536, 0.0, 0.018114, -0.999836, -0.00054, 0.272858, -0.99878, -0.018122, 0.030437, -0.0, 0.0, 0.0, 0.0, 1.0],
                [0.999958, -1.2e-05, -0.00917, -0.0, 0.000154, -0.999836, 0.018111, 0.272858, -0.009163, -0.018112, -0.999202, -0.0, 0.0, 0.0, 0.0, 1.0],
                [0.999958, -1.2e-05, -0.00917, 0.0, 0.000154, -0.999836, 0.018111, 0.272858, -0.009163, -0.018112, -0.999202, -0.0, 0.0, 0.0, 0.0, 1.0]
            ]
        },
        {
            "name": "Elbow_R",
            "time": [0.0, 1.05],
            "transform": [
                [-1.0, 0.0, 0.0, 0.0, -0.0, -0.0, -1.0, 0.316272, -0.0, -1.0, 0.0, -0.0, 0.0, 0.0, 0.0, 1.0],
                [-1.0, 0.0, -0.0, -0.0, -0.0, -0.0, -1.0, 0.3, -0.0, -1.0, 0.0, -0.0, 0.0, 0.0, 0.0, 1.0]
            ]
        },
        {
            "name": "Shoulder_L",
            "time": [0.0, 0.3333, 1.05],
            "transform": [
                [0.420806, -0.889996, -0.17558, 0.0, -0.046631, -0.214517, 0.975606, 0.4, -0.905951, -0.402354, -0.131771, 0.0, 0.0, 0.0, 0.0, 1.0],
                [-0.116154, -0.977589, -0.17558, 0.0, -0.153446, -0.156992, 0.975607, 0.4, -0.981307, 0.140262, -0.131771, -0.0, 0.0, 0.0, 0.0, 1.0],
                [-0.116154, -0.977589, -0.17558, -0.0, -0.153446, -0.156992, 0.975607, 0.4, -0.981307, 0.140262, -0.131771, 0.0, 0.0, 0.0, 0.0, 1.0]
            ]
        },
        {
            "name": "Arm_L",
            "time": [0.0, 0.1667, 0.5, 1.0, 1.05],
            "transform": [
                [-0.0, 0.273359, 0.961912, -0.0, -0.912692, 0.393083, -0.111708, 0.39386, -0.408648, -0.877929, 0.249493, -0.0, 0.0, 0.0, 0.0, 1.0],
                [-0.0, -0.350759, 0.936466, 0.0, -0.912692, 0.382685, 0.143337, 0.39386, -0.408648, -0.854705, -0.320135, -0.0, 0.0, 0.0, 0.0, 1.0],
                [-0.175747, -0.758661, 0.627333, -0.0, -0.831292, 0.455719, 0.318235, 0.39386, -0.52732, -0.465568, -0.71076, 0.0, 0.0, 0.0, 0.0, 1.0],
                [0.642596, 0.132195, 0.754715, -0.0, -0.674107, 0.565758, 0.474866, 0.39386, -0.364211, -0.813905, 0.452667, -0.0, 0.0, 0.0, 0.0, 1.0],
                [0.642596, 0.027725, 0.765703, -0.0, -0.674107, 0.495491, 0.547785, 0.39386, -0.364211, -0.86817, 0.33709, -0.0, 0.0, 0.0, 0.0, 1.0]
            ]
        },
        {
            "name": "Hand_L",
            "time": [0.0, 1.0, 1.05],
            "transform": [
                [1.0, 0.0, 0.0, 0.0, -0.0, 0.997677, -0.068124, 0.3, -0.0, 0.068124, 0.997677, 0.0, 0.0, 0.0, 0.0, 1.0],
                [1.0, 0.0, 0.0, 0.0, 0.0, 0.809489, -0.587136, 0.3, -0.0, 0.587135, 0.809489, 0.0, 0.0, 0.0, 0.0, 1.0],
                [1.0, 0.0, 0.0, -0.0, 0.0, 0.809489, -0.587136, 0.3, 0.0, 0.587136, 0.809489, -0.0, 0.0, 0.0, 0.0, 1.0]
            ]
        },
        {
            "name": "Tool_L",
            "time": [0.0, 1.05],
            "transform": [
                [0.0, 0.0, 0.0, -0.0, 0.0, 0.0, 0.0, 0.272858, 0.0, 0.0, 0.0, 0.0, 0.0, 0.0, 0.0, 1.0],
                [0.0, 0.0, 0.0, -0.0, 0.0, 0.0, 0.0, 0.272858, 0.0, 0.0, 0.0, -0.0, 0.0, 0.0, 0.0, 1.0]
            ]
        },
        {
            "name": "Elbow_L",
            "time": [0.0, 1.05],
            "transform": [
                [-1.0, 0.0, -0.0, 0.0, 0.0, -0.0, -1.0, 0.316713, -0.0, -1.0, -0.0, 0.0, 0.0, 0.0, 0.0, 1.0],
                [-1.0, 0.0, -0.0, -0.0, 0.0, 0.0, -1.0, 0.369129, -0.0, -1.0, -0.0, 0.0, 0.0, 0.0, 0.0, 1.0]
            ]
        }
    ]
}