{
    "animation": [
        {
            "name": "Root",
            "time": [0.0, 1.25],
            "transform": [
                [1.0, 0.0, 0.0, -5e-06, 0.0, 0.0, -1.0, 0.000946, 0.0, 1.0, 0.0, 0.763972, 0.0, 0.0, 0.0, 1.0],
                [1.0, 0.0, 0.0, -5e-06, 0.0, 0.0, -1.0, 0.000946, 0.0, 1.0, 0.0, 0.763972, 0.0, 0.0, 0.0, 1.0]
            ]
        },
        {
            "name": "Thigh_R",
            "time": [0.0, 1.25],
            "transform": [
                [1.0, -0.0, -0.0, 0.124994, 0.0, -0.999998, 1e-06, -0.002831, -0.0, -0.0, -1.0, -1.2e-05, 0.0, 0.0, 0.0, 1.0],
                [1.0, -0.0, -0.0, 0.124994, 0.0, -0.999998, 1e-06, -0.002831, -0.0, -0.0, -1.0, -1.2e-05, 0.0, 0.0, 0.0, 1.0]
            ]
        },
        {
            "name": "Leg_R",
            "time": [0.0, 1.25],
            "transform": [
                [1.0, 0.0, 1e-06, 0.0, -0.0, 1.000001, 0.0, 0.37472, -1e-06, -0.0, 0.999999, -0.0, 0.0, 0.0, 0.0, 1.0],
                [1.0, 0.0, 1e-06, 0.0, -0.0, 1.000001, 0.0, 0.37472, -1e-06, -0.0, 0.999999, -0.0, 0.0, 0.0, 0.0, 1.0]
            ]
        },
        {
            "name": "Knee_R",
            "time": [0.0, 1.25],
            "transform": [
                [1.0, 0.0, -0.0, 0.0, -0.0, 1e-06, -1.0, 0.37472, -0.0, 1.0, 1e-06, -0.0, 0.0, 0.0, 0.0, 1.0],
                [1.0, 0.0, -0.0, 0.0, -0.0, 1e-06, -1.0, 0.37472, -0.0, 1.0, 1e-06, -0.0, 0.0, 0.0, 0.0, 1.0]
            ]
        },
        {
            "name": "Thigh_L",
            "time": [0.0, 1.25],
            "transform": [
                [1.0, -0.0, -0.0, -0.125006, 0.0, -0.999999, 1e-06, -0.002831, -0.0, -0.0, -1.0, -1.2e-05, 0.0, 0.0, 0.0, 1.0],
                [1.0, -0.0, -0.0, -0.125006, 0.0, -0.999999, 1e-06, -0.002831, -0.0, -0.0, -1.0, -1.2e-05, 0.0, 0.0, 0.0, 1.0]
            ]
        },
        {
            "name": "Leg_L",
            "time": [0.0, 1.25],
            "transform": [
                [1.0, 0.0, 1e-06, -0.0, -0.0, 1.0, 0.0, 0.37472, -1e-06, -0.0, 1.0, 0.0, 0.0, 0.0, 0.0, 1.0],
                [1.0, 0.0, 1e-06, -0.0, -0.0, 1.0, 0.0, 0.37472, -1e-06, -0.0, 1.0, 0.0, 0.0, 0.0, 0.0, 1.0]
            ]
        },
        {
            "name": "Knee_L",
            "time": [0.0, 1.25],
            "transform": [
                [1.0, 0.0, -0.0, -0.0, -0.0, 1e-06, -1.0, 0.37472, -0.0, 1.0, 1e-06, 0.0, 0.0, 0.0, 0.0, 1.0],
                [1.0, 0.0, -0.0, -0.0, -0.0, 1e-06, -1.0, 0.37472, -0.0, 1.0, 1e-06, 0.0, 0.0, 0.0, 0.0, 1.0]
            ]
        },
        {
            "name": "Torso",
            "time": [0.0, 0.2083, 0.4167, 0.625, 0.8333, 1.0417, 1.25],
            "transform": [
                [1.0, 0.0, 0.0, 0.0, 0.0, 0.783099, 0.621897, 0.05, 0.0, -0.621897, 0.783099, 0.0, 0.0, 0.0, 0.0, 1.0],
                [1.0, 0.0, 0.0, 0.0, 0.0, 0.671645, 0.740873, 0.05, 0.0, -0.740873, 0.671645, 0.0, 0.0, 0.0, 0.0, 1.0],
                [1.0, 0.0, 0.0, 0.0, 0.0, 0.783099, 0.621897, 0.05, 0.0, -0.621897, 0.783099, 0.0, 0.0, 0.0, 0.0, 1.0],
                [1.0, 0.0, 0.0, 0.0, 0.0, 0.671645, 0.740873, 0.05, 0.0, -0.740873, 0.671645, 0.0, 0.0, 0.0, 0.0, 1.0],
                [1.0, 0.0, 0.0, 0.0, 0.0, 0.783099, 0.621897, 0.05, 0.0, -0.621897, 0.783099, 0.0, 0.0, 0.0, 0.0, 1.0],
                [1.0, 0.0, 0.0, 0.0, 0.0, 0.671645, 0.740873, 0.05, 0.0, -0.740873, 0.671645, 0.0, 0.0, 0.0, 0.0, 1.0],
                [1.0, 0.0, 0.0, 0.0, 0.0, 0.783099, 0.621897, 0.05, 0.0, -0.621897, 0.783099, 0.0, 0.0, 0.0, 0.0, 1.0]
            ]
        },
        {
            "name": "Chest",
            "time": [0.0, 0.4167, 0.8333, 1.25],
            "transform": [
                [0.985137, 0.098572, 0.140673, 0.0, -0.134513, 0.952013, 0.274912, 0.3, -0.106824, -0.289748, 0.951123, 0.0, 0.0, 0.0, 0.0, 1.0],
                [0.985137, 0.104716, 0.136161, 0.0, -0.134513, 0.963273, 0.232404, 0.3, -0.106824, -0.247265, 0.963041, 0.0, 0.0, 0.0, 0.0, 1.0],
                [0.985137, 0.098572, 0.140673, 0.0, -0.134513, 0.952013, 0.274912, 0.3, -0.106824, -0.289748, 0.951123, 0.0, 0.0, 0.0, 0.0, 1.0],
                [0.985137, 0.104716, 0.136161, 0.0, -0.134513, 0.963273, 0.232404, 0.3, -0.106824, -0.247265, 0.963041, 0.0, 0.0, 0.0, 0.0, 1.0]
            ]
        },
        {
            "name": "Head",
            "time": [0.0, 1.25],
            "transform": [
                [1.0, 0.0, 0.0, -0.0, 0.0, 0.746686, -0.665177, 0.4, 0.0, 0.665177, 0.746686, 0.0, 0.0, 0.0, 0.0, 1.0],
                [1.0, -0.0, -0.0, -0.0, -0.0, 0.746686, -0.665177, 0.4, 0.0, 0.665177, 0.746686, 0.0, 0.0, 0.0, 0.0, 1.0]
            ]
        },
        {
            "name": "Shoulder_R",
            "time": [0.0, 1.25],
            "transform": [
                [-0.275594, 0.952114, 0.13239, -0.0, -0.858225, -0.305743, 0.412276, 0.4, 0.433011, 0.0, 0.901389, 0.0, 0.0, 0.0, 0.0, 1.0],
                [-0.275594, 0.952114, 0.13239, -0.0, -0.858225, -0.305743, 0.412276, 0.4, 0.433011, 0.0, 0.901389, 0.0, 0.0, 0.0, 0.0, 1.0]
            ]
        },
        {
            "name": "Arm_R",
            "time": [0.0, 0.2083, 0.4167, 0.625, 0.8333, 1.0417, 1.25],
            "transform": [
                [-0.324207, 0.320363, -0.890088, -0.0, 0.311604, 0.924566, 0.219273, 0.39386, 0.893192, -0.206265, -0.399577, 0.0, 0.0, 0.0, 0.0, 1.0],
                [-0.217455, 0.731428, -0.646318, -0.0, 0.565322, 0.634173, 0.52748, 0.39386, 0.795691, -0.250674, -0.551396, -0.0, 0.0, 0.0, 0.0, 1.0],
                [-0.324207, 0.320363, -0.890088, -0.0, 0.311604, 0.924566, 0.219273, 0.393861, 0.893192, -0.206265, -0.399577, -0.0, 0.0, 0.0, 0.0, 1.0],
                [-0.217455, 0.731428, -0.646318, 0.0, 0.565322, 0.634173, 0.52748, 0.39386, 0.795691, -0.250674, -0.551396, -0.0, 0.0, 0.0, 0.0, 1.0],
                [-0.324207, 0.320363, -0.890088, -0.0, 0.311604, 0.924566, 0.219273, 0.39386, 0.893192, -0.206265, -0.399577, 0.0, 0.0, 0.0, 0.0, 1.0],
                [-0.217455, 0.731428, -0.646318, -0.0, 0.565322, 0.634173, 0.52748, 0.39386, 0.795691, -0.250674, -0.551396, -0.0, 0.0, 0.0, 0.0, 1.0],
                [-0.324207, 0.320363, -0.890088, -0.0, 0.311604, 0.924566, 0.219273, 0.393861, 0.893192, -0.206265, -0.399577, -0.0, 0.0, 0.0, 0.0, 1.0]
            ]
        },
        {
            "name": "Hand_R",
            "time": [0.0, 0.2083, 0.4167, 0.625, 0.8333, 1.0417, 1.25],
            "transform": [
                [1.0, 0.0, 0.0, 0.0, -0.0, 0.782185, -0.623046, 0.3, -0.0, 0.623046, 0.782185, -0.0, 0.0, 0.0, 0.0, 1.0],
                [1.0, 0.0, 0.0, 0.0, -0.0, 0.950503, -0.310716, 0.3, -0.0, 0.310716, 0.950503, 0.0, 0.0, 0.0, 0.0, 1.0],
                [1.0, 0.0, 0.0, -0.0, 0.0, 0.782185, -0.623046, 0.3, -0.0, 0.623046, 0.782185, 0.0, 0.0, 0.0, 0.0, 1.0],
                [1.0, 0.0, 0.0, -0.0, -0.0, 0.950503, -0.310716, 0.3, -0.0, 0.310716, 0.950503, -0.0, 0.0, 0.0, 0.0, 1.0],
                [1.0, 0.0, 0.0, 0.0, -0.0, 0.782185, -0.623046, 0.3, -0.0, 0.623046, 0.782185, -0.0, 0.0, 0.0, 0.0, 1.0],
                [1.0, 0.0, 0.0, 0.0, -0.0, 0.950503, -0.310716, 0.3, -0.0, 0.310716, 0.950503, 0.0, 0.0, 0.0, 0.0, 1.0],
                [1.0, 0.0, 0.0, -0.0, 0.0, 0.782185, -0.623046, 0.3, -0.0, 0.623046, 0.782185, 0.0, 0.0, 0.0, 0.0, 1.0]
            ]
        },
        {
            "name": "Tool_R",
            "time": [0.0, 1.25],
            "transform": [
                [1.0, -0.0, -0.0, -0.0, 0.0, 0.998991, 0.044914, 0.272858, 0.0, -0.044877, 0.9984, -0.0, 0.0, 0.0, 0.0, 1.0],
                [1.0, -0.0, -0.0, -0.0, 0.0, 0.998991, 0.044914, 0.272858, 0.0, -0.044877, 0.9984, 0.0, 0.0, 0.0, 0.0, 1.0]
            ]
        },
        {
            "name": "Elbow_R",
            "time": [0.0, 1.25],
            "transform": [
                [-1.0, 0.0, 0.0, 0.0, 0.0, -0.0, -1.0, 0.373357, -0.0, -1.0, 0.0, 0.0, 0.0, 0.0, 0.0, 1.0],
                [-1.0, 0.0, -0.0, -0.0, -0.0, -0.0, -1.0, 0.373357, -0.0, -1.0, 0.0, 0.0, 0.0, 0.0, 0.0, 1.0]
            ]
        },
        {
            "name": "Shoulder_L",
            "time": [0.0, 1.25],
            "transform": [
                [-0.0, -0.952114, -0.305743, -0.0, 0.0, -0.305743, 0.952114, 0.4, -1.0, -0.0, 0.0, 0.0, 0.0, 0.0, 0.0, 1.0],
                [-0.0, -0.952114, -0.305743, -0.0, 0.0, -0.305743, 0.952114, 0.4, -1.0, -0.0, 0.0, 0.0, 0.0, 0.0, 0.0, 1.0]
            ]
        },
        {
            "name": "Arm_L",
            "time": [0.0, 0.2083, 0.4167, 0.625, 0.8333, 1.0417, 1.25],
            "transform": [
                [0.362567, -0.454484, 0.813627, 0.0, -0.087148, 0.852671, 0.515129, 0.39386, -0.927874, -0.257675, 0.269543, 0.0, 0.0, 0.0, 0.0, 1.0],
                [0.534342, -0.703667, 0.46833, 0.0, 0.138815, 0.61959, 0.772554, 0.39386, -0.833792, -0.347796, 0.428752, -0.0, 0.0, 0.0, 0.0, 1.0],
                [0.362567, -0.454484, 0.813627, -0.0, -0.087148, 0.852671, 0.515129, 0.39386, -0.927874, -0.257675, 0.269543, -0.0, 0.0, 0.0, 0.0, 1.0],
                [0.534341, -0.703667, 0.468329, -0.0, 0.138815, 0.619589, 0.772554, 0.39386, -0.833792, -0.347796, 0.428752, -0.0, 0.0, 0.0, 0.0, 1.0],
                [0.362567, -0.454484, 0.813627, 0.0, -0.087148, 0.852671, 0.515129, 0.39386, -0.927874, -0.257675, 0.269543, 0.0, 0.0, 0.0, 0.0, 1.0],
                [0.534342, -0.703667, 0.46833, 0.0, 0.138815, 0.61959, 0.772554, 0.39386, -0.833792, -0.347796, 0.428752, -0.0, 0.0, 0.0, 0.0, 1.0],
                [0.362567, -0.454484, 0.813627, -0.0, -0.087148, 0.852671, 0.515129, 0.39386, -0.927874, -0.257675, 0.269543, -0.0, 0.0, 0.0, 0.0, 1.0]
            ]
        },
        {
            "name": "Hand_L",
            "time": [0.0, 0.2083, 1.25],
            "transform": [
                [1.0, 0.0, 0.0, 0.0, -0.0, 0.866108, -0.499857, 0.3, -0.0, 0.499857, 0.866108, 0.0, 0.0, 0.0, 0.0, 1.0],
                [1.0, 0.0, 0.0, -0.0, -0.0, 0.715159, -0.698962, 0.3, -0.0, 0.698962, 0.715159, -0.0, 0.0, 0.0, 0.0, 1.0],
                [1.0, 0.0, 0.0, 0.0, -0.0, 0.715159, -0.698962, 0.3, -0.0, 0.698963, 0.715159, -0.0, 0.0, 0.0, 0.0, 1.0]
            ]
        },
        {
            "name": "Tool_L",
            "time": [0.0, 1.25],
            "transform": [
                [1.0, 0.0, 0.0, -0.0, 0.0, -0.999836, 0.018122, 0.272858, 0.0, -0.018122, -0.999247, -0.0, 0.0, 0.0, 0.0, 1.0],
                [1.0, 0.0, 0.0, -0.0, 0.0, -0.999836, 0.018122, 0.272858, 0.0, -0.018122, -0.999248, -0.0, 0.0, 0.0, 0.0, 1.0]
            ]
        },
        {
            "name": "Elbow_L",
            "time": [0.0, 1.25],
            "transform": [
                [-1.0, 0.0, -0.0, -0.0, 0.0, -0.0, -1.0, 0.359375, -0.0, -1.0, -0.0, -0.0, 0.0, 0.0, 0.0, 1.0],
                [-1.0, 0.0, -0.0, 0.0, 0.0, -0.0, -1.0, 0.382851, -0.0, -1.0, -0.0, 0.0, 0.0, 0.0, 0.0, 1.0]
            ]
        }
    ]
}