{
    "animation": [
        {
            "name": "Root",
            "time": [0.0, 2.9167],
            "transform": [
                [1.0, 0.0, 0.0, -5e-06, 0.0, 0.0, -1.0, 0.000946, 0.0, 1.0, 0.0, 0.763972, 0.0, 0.0, 0.0, 1.0],
                [1.0, 0.0, 0.0, -5e-06, 0.0, 0.0, -1.0, 0.000946, 0.0, 1.0, 0.0, 0.763972, 0.0, 0.0, 0.0, 1.0]
            ]
        },
        {
            "name": "Thigh_R",
            "time": [0.0, 2.9167],
            "transform": [
                [1.0, -0.0, -0.0, 0.124994, 0.0, -0.999998, 1e-06, -0.002831, -0.0, -0.0, -1.0, -1.2e-05, 0.0, 0.0, 0.0, 1.0],
                [1.0, -0.0, -0.0, 0.124994, 0.0, -0.999998, 1e-06, -0.002831, -0.0, -0.0, -1.0, -1.2e-05, 0.0, 0.0, 0.0, 1.0]
            ]
        },
        {
            "name": "Leg_R",
            "time": [0.0, 2.9167],
            "transform": [
                [1.0, 0.0, 1e-06, 0.0, -0.0, 1.000001, 0.0, 0.37472, -1e-06, -0.0, 0.999999, -0.0, 0.0, 0.0, 0.0, 1.0],
                [1.0, 0.0, 1e-06, 0.0, -0.0, 1.000001, 0.0, 0.37472, -1e-06, -0.0, 0.999999, -0.0, 0.0, 0.0, 0.0, 1.0]
            ]
        },
        {
            "name": "Knee_R",
            "time": [0.0, 2.9167],
            "transform": [
                [1.0, 0.0, -0.0, 0.0, -0.0, 1e-06, -1.0, 0.37472, -0.0, 1.0, 1e-06, -0.0, 0.0, 0.0, 0.0, 1.0],
                [1.0, 0.0, -0.0, 0.0, -0.0, 1e-06, -1.0, 0.37472, -0.0, 1.0, 1e-06, -0.0, 0.0, 0.0, 0.0, 1.0]
            ]
        },
        {
            "name": "Thigh_L",
            "time": [0.0, 2.9167],
            "transform": [
                [1.0, -0.0, -0.0, -0.125006, 0.0, -0.999999, 1e-06, -0.002831, -0.0, -0.0, -1.0, -1.2e-05, 0.0, 0.0, 0.0, 1.0],
                [1.0, -0.0, -0.0, -0.125006, 0.0, -0.999999, 1e-06, -0.002831, -0.0, -0.0, -1.0, -1.2e-05, 0.0, 0.0, 0.0, 1.0]
            ]
        },
        {
            "name": "Leg_L",
            "time": [0.0, 2.9167],
            "transform": [
                [1.0, 0.0, 1e-06, -0.0, -0.0, 1.0, 0.0, 0.37472, -1e-06, -0.0, 1.0, 0.0, 0.0, 0.0, 0.0, 1.0],
                [1.0, 0.0, 1e-06, -0.0, -0.0, 1.0, 0.0, 0.37472, -1e-06, -0.0, 1.0, 0.0, 0.0, 0.0, 0.0, 1.0]
            ]
        },
        {
            "name": "Knee_L",
            "time": [0.0, 2.9167],
            "transform": [
                [1.0, 0.0, -0.0, -0.0, -0.0, 1e-06, -1.0, 0.37472, -0.0, 1.0, 1e-06, 0.0, 0.0, 0.0, 0.0, 1.0],
                [1.0, 0.0, -0.0, -0.0, -0.0, 1e-06, -1.0, 0.37472, -0.0, 1.0, 1e-06, 0.0, 0.0, 0.0, 0.0, 1.0]
            ]
        },
        {
            "name": "Torso",
            "time": [0.0, 2.9167],
            "transform": [
                [1.0, 0.0, 0.0, 0.0, 0.0, 1.0, 0.0, 0.05, 0.0, 0.0, 1.0, 0.0, 0.0, 0.0, 0.0, 1.0],
                [1.0, 0.0, 0.0, 0.0, 0.0, 1.0, 0.0, 0.05, 0.0, 0.0, 1.0, 0.0, 0.0, 0.0, 0.0, 1.0]
            ]
        },
        {
            "name": "Chest",
            "time": [0.0, 0.4167, 0.8333, 1.25, 1.6667, 2.0833, 2.5, 2.9167],
            "transform": [
                [1.0, 0.0, 0.0, 0.0, 0.0, 0.995501, 0.094748, 0.3, 0.0, -0.094748, 0.995501, 0.0, 0.0, 0.0, 0.0, 1.0],
                [1.0, 0.0, 0.0, 0.0, 0.0, 0.984364, 0.176144, 0.3, 0.0, -0.176144, 0.984364, 0.0, 0.0, 0.0, 0.0, 1.0],
                [1.0, 0.0, 0.0, 0.0, 0.0, 0.995256, 0.097291, 0.3, 0.0, -0.097291, 0.995256, 0.0, 0.0, 0.0, 0.0, 1.0],
                [1.0, 0.0, 0.0, 0.0, 0.0, 0.984364, 0.176144, 0.3, 0.0, -0.176144, 0.984364, 0.0, 0.0, 0.0, 0.0, 1.0],
                [1.0, 0.0, 0.0, 0.0, 0.0, 0.995256, 0.097291, 0.3, 0.0, -0.097291, 0.995256, 0.0, 0.0, 0.0, 0.0, 1.0],
                [1.0, 0.0, 0.0, 0.0, 0.0, 0.984364, 0.176144, 0.3, 0.0, -0.176144, 0.984364, 0.0, 0.0, 0.0, 0.0, 1.0],
                [1.0, 0.0, 0.0, 0.0, 0.0, 0.995256, 0.097291, 0.3, 0.0, -0.097291, 0.995256, 0.0, 0.0, 0.0, 0.0, 1.0],
                [1.0, 0.0, 0.0, 0.0, 0.0, 0.984364, 0.176144, 0.3, 0.0, -0.176144, 0.984364, 0.0, 0.0, 0.0, 0.0, 1.0]
            ]
        },
        {
            "name": "Head",
            "time": [0.0, 2.9167],
            "transform": [
                [1.0, 0.0, 0.0, 0.0, 0.0, 0.998887, 0.047156, 0.4, 0.0, -0.047156, 0.998887, 0.0, 0.0, 0.0, 0.0, 1.0],
                [1.0, 0.0, 0.0, 0.0, 0.0, 0.998888, 0.047156, 0.4, 0.0, -0.047156, 0.998888, 0.0, 0.0, 0.0, 0.0, 1.0]
            ]
        },
        {
            "name": "Shoulder_R",
            "time": [0.0, 2.9167],
            "transform": [
                [0.0, 0.952114, 0.305743, 0.0, 0.0, -0.305743, 0.952114, 0.4, 1.0, 0.0, -0.0, 0.0, 0.0, 0.0, 0.0, 1.0],
                [0.0, 0.952114, 0.305743, 0.0, 0.0, -0.305743, 0.952114, 0.4, 1.0, 0.0, -0.0, 0.0, 0.0, 0.0, 0.0, 1.0]
            ]
        },
        {
            "name": "Arm_R",
            "time": [0.0, 0.625, 1.25, 1.875, 2.5, 2.9167],
            "transform": [
                [0.0, 0.450591, -0.892731, 0.0, 0.789529, 0.54788, 0.276533, 0.39386, 0.613713, -0.704837, -0.355754, 0.0, 0.0, 0.0, 0.0, 1.0],
                [0.0, 0.264173, -0.964475, -0.0, 0.789529, 0.591911, 0.162126, 0.393861, 0.613713, -0.761482, -0.208572, -0.0, 0.0, 0.0, 0.0, 1.0],
                [0.0, 0.450591, -0.892731, -0.0, 0.789529, 0.54788, 0.276534, 0.39386, 0.613713, -0.704837, -0.355754, 0.0, 0.0, 0.0, 0.0, 1.0],
                [0.0, 0.264173, -0.964475, 0.0, 0.789529, 0.591911, 0.162126, 0.39386, 0.613713, -0.761482, -0.208572, 0.0, 0.0, 0.0, 0.0, 1.0],
                [0.0, 0.450591, -0.892731, -0.0, 0.789529, 0.54788, 0.276533, 0.39386, 0.613713, -0.704837, -0.355754, 0.0, 0.0, 0.0, 0.0, 1.0],
                [0.0, 0.450591, -0.892731, -0.0, 0.789529, 0.54788, 0.276534, 0.39386, 0.613713, -0.704837, -0.355754, 0.0, 0.0, 0.0, 0.0, 1.0]
            ]
        },
        {
            "name": "Hand_R",
            "time": [0.0, 2.9167],
            "transform": [
                [1.0, 0.0, 0.0, -0.0, 0.0, 0.85953, -0.511085, 0.3, -0.0, 0.511085, 0.85953, 0.0, 0.0, 0.0, 0.0, 1.0],
                [1.0, 0.0, 0.0, -0.0, -0.0, 0.859531, -0.511085, 0.3, -0.0, 0.511085, 0.859531, 0.0, 0.0, 0.0, 0.0, 1.0]
            ]
        },
        {
            "name": "Tool_R",
            "time": [0.0, 2.9167],
            "transform": [
                [1.0, -0.0, -0.0, -0.0, 0.0, 0.998991, 0.044914, 0.272858, 0.0, -0.044877, 0.9984, -0.0, 0.0, 0.0, 0.0, 1.0],
                [1.0, -0.0, -0.0, -0.0, 0.0, 0.998991, 0.044914, 0.272858, 0.0, -0.044877, 0.9984, 0.0, 0.0, 0.0, 0.0, 1.0]
            ]
        },
        {
            "name": "Elbow_R",
            "time": [0.0, 2.9167],
            "transform": [
                [-1.0, 0.0, 0.0, -0.0, 0.0, 0.0, -1.0, 0.360595, -0.0, -1.0, 0.0, 0.0, 0.0, 0.0, 0.0, 1.0],
                [-1.0, 0.0, -0.0, -0.0, 0.0, 0.0, -1.0, 0.360595, -0.0, -1.0, 0.0, -0.0, 0.0, 0.0, 0.0, 1.0]
            ]
        },
        {
            "name": "Shoulder_L",
            "time": [0.0, 2.9167],
            "transform": [
                [-0.0, -0.952114, -0.305743, 0.0, 0.0, -0.305743, 0.952114, 0.4, -1.0, 0.0, 0.0, 0.0, 0.0, 0.0, 0.0, 1.0],
                [-0.0, -0.952114, -0.305743, 0.0, 0.0, -0.305743, 0.952114, 0.4, -1.0, -0.0, 0.0, 0.0, 0.0, 0.0, 0.0, 1.0]
            ]
        },
        {
            "name": "Arm_L",
            "time": [0.0, 0.625, 1.25, 1.875, 2.5, 2.9167],
            "transform": [
                [-0.034363, -0.36758, 0.929357, 0.0, -0.729799, 0.644542, 0.227945, 0.39386, -0.682797, -0.670411, -0.290408, -0.0, 0.0, 0.0, 0.0, 1.0],
                [-0.034363, -0.552884, 0.832549, -0.0, -0.729799, 0.583016, 0.357051, 0.39386, -0.682797, -0.595325, -0.423528, 0.0, 0.0, 0.0, 0.0, 1.0],
                [-0.034363, -0.36758, 0.929357, -0.0, -0.729799, 0.644542, 0.227945, 0.39386, -0.682797, -0.670411, -0.290408, -0.0, 0.0, 0.0, 0.0, 1.0],
                [-0.034363, -0.552884, 0.832549, 0.0, -0.729799, 0.583016, 0.357051, 0.39386, -0.682797, -0.595324, -0.423529, 0.0, 0.0, 0.0, 0.0, 1.0],
                [-0.034363, -0.36758, 0.929357, 0.0, -0.729799, 0.644542, 0.227945, 0.39386, -0.682797, -0.670411, -0.290408, 0.0, 0.0, 0.0, 0.0, 1.0],
                [-0.034363, -0.36758, 0.929357, -0.0, -0.729799, 0.644542, 0.227945, 0.39386, -0.682797, -0.670411, -0.290408, -0.0, 0.0, 0.0, 0.0, 1.0]
            ]
        },
        {
            "name": "Hand_L",
            "time": [0.0, 2.9167],
            "transform": [
                [1.0, 0.0, 0.0, -0.0, -0.0, 0.924115, -0.382115, 0.3, -0.0, 0.382115, 0.924115, -0.0, 0.0, 0.0, 0.0, 1.0],
                [1.0, 0.0, 0.0, -0.0, -0.0, 0.924115, -0.382115, 0.3, -0.0, 0.382115, 0.924115, -0.0, 0.0, 0.0, 0.0, 1.0]
            ]
        },
        {
            "name": "Tool_L",
            "time": [0.0, 2.9167],
            "transform": [
                [1.0, 0.0, 0.0, 0.0, 0.0, -0.999836, 0.018122, 0.272858, 0.0, -0.018122, -0.999248, 0.0, 0.0, 0.0, 0.0, 1.0],
                [1.0, 0.0, 0.0, -0.0, 0.0, -0.999836, 0.018122, 0.272858, 0.0, -0.018122, -0.999248, -0.0, 0.0, 0.0, 0.0, 1.0]
            ]
        },
        {
            "name": "Elbow_L",
            "time": [0.0, 2.9167],
            "transform": [
                [-1.0, 0.0, -0.0, -0.0, 0.0, -0.0, -1.0, 0.347066, -0.0, -1.0, -0.0, -0.0, 0.0, 0.0, 0.0, 1.0],
                [-1.0, 0.0, -0.0, -0.0, 0.0, -0.0, -1.0, 0.347067, -0.0, -1.0, 0.0, -0.0, 0.0, 0.0, 0.0, 1.0]
            ]
        }
    ]
}