{
    "animation": [
        {
            "name": "Root",
            "time": [0.0, 8.0],
            "transform": [
                [1.0, 0.0, 0.0, -5e-06, 0.0, 0.0, -1.0, 0.000946, 0.0, 1.0, 0.0, 0.763972, 0.0, 0.0, 0.0, 1.0],
                [1.0, 0.0, 0.0, -5e-06, 0.0, 0.0, -1.0, 0.000946, 0.0, 1.0, 0.0, 0.763972, 0.0, 0.0, 0.0, 1.0]
            ]
        },
        {
            "name": "Thigh_R",
            "time": [0.0, 8.0],
            "transform": [
                [0.826911, 0.431105, 0.36106, 0.124994, 0.244652, -0.853931, 0.459287, -0.002831, 0.506322, -0.291455, -0.811598, -1.2e-05, 0.0, 0.0, 0.0, 1.0],
                [0.826911, 0.431105, 0.36106, 0.124994, 0.244652, -0.853931, 0.459287, -0.002831, 0.506322, -0.291455, -0.811598, -1.2e-05, 0.0, 0.0, 0.0, 1.0]
            ]
        },
        {
            "name": "Leg_R",
            "time": [0.0, 8.0],
            "transform": [
                [1.0, -0.0, 1e-06, -0.0, -0.0, 0.851281, 0.524711, 0.37472, -1e-06, -0.524712, 0.851279, 0.0, 0.0, 0.0, 0.0, 1.0],
                [1.0, -0.0, 1e-06, -0.0, -0.0, 0.851281, 0.524711, 0.37472, -1e-06, -0.524712, 0.851279, 0.0, 0.0, 0.0, 0.0, 1.0]
            ]
        },
        {
            "name": "Knee_R",
            "time": [0.0, 8.0],
            "transform": [
                [1.0, 0.0, -0.0, -0.0, -0.0, 1e-06, -1.0, 0.377743, -0.0, 1.0, 1e-06, 0.0, 0.0, 0.0, 0.0, 1.0],
                [1.0, 0.0, -0.0, -0.0, -0.0, 1e-06, -1.0, 0.377743, -0.0, 1.0, 1e-06, 0.0, 0.0, 0.0, 0.0, 1.0]
            ]
        },
        {
            "name": "Thigh_L",
            "time": [0.0, 8.0],
            "transform": [
                [0.97933, -0.120051, 0.162789, -0.125006, -0.172406, -0.916319, 0.361432, -0.002831, 0.105776, -0.382027, -0.918077, -1.2e-05, 0.0, 0.0, 0.0, 1.0],
                [0.97933, -0.120051, 0.162789, -0.125006, -0.172406, -0.916319, 0.361432, -0.002831, 0.105776, -0.382027, -0.918077, -1.2e-05, 0.0, 0.0, 0.0, 1.0]
            ]
        },
        {
            "name": "Leg_L",
            "time": [0.0, 8.0],
            "transform": [
                [1.0, 0.0, 1e-06, -0.0, -0.0, 0.957169, 0.289527, 0.37472, -1e-06, -0.289527, 0.95717, 0.0, 0.0, 0.0, 0.0, 1.0],
                [1.0, 0.0, 1e-06, -0.0, -0.0, 0.957169, 0.289527, 0.37472, -1e-06, -0.289527, 0.95717, 0.0, 0.0, 0.0, 0.0, 1.0]
            ]
        },
        {
            "name": "Knee_L",
            "time": [0.0, 8.0],
            "transform": [
                [1.0, 0.0, -0.0, -0.0, -0.0, 1e-06, -1.0, 0.37472, -0.0, 1.0, 1e-06, 0.0, 0.0, 0.0, 0.0, 1.0],
                [1.0, 0.0, -0.0, -0.0, -0.0, 1e-06, -1.0, 0.37472, -0.0, 1.0, 1e-06, 0.0, 0.0, 0.0, 0.0, 1.0]
            ]
        },
        {
            "name": "Torso",
            "time": [0.0, 8.0],
            "transform": [
                [0.992366, -0.014298, -0.122497, 0.0, -0.0, 0.993257, -0.115933, 0.05, 0.123328, 0.115048, 0.985675, 0.0, 0.0, 0.0, 0.0, 1.0],
                [0.992366, -0.014298, -0.122497, 0.0, -0.0, 0.993257, -0.115933, 0.05, 0.123328, 0.115048, 0.985675, 0.0, 0.0, 0.0, 0.0, 1.0]
            ]
        },
        {
            "name": "Chest",
            "time": [0.0, 1.0417, 8.0],
            "transform": [
                [0.966391, 0.012395, -0.256777, 0.0, -0.002585, 0.999255, 0.038505, 0.3, 0.257063, -0.036547, 0.965703, 0.0, 0.0, 0.0, 0.0, 1.0],
                [0.966391, -0.00834, -0.256941, 0.0, -0.002585, 0.999108, -0.042152, 0.3, 0.257063, 0.041399, 0.965507, 0.0, 0.0, 0.0, 0.0, 1.0],
                [0.966391, 0.037395, -0.254342, 0.0, -0.002585, 0.990727, 0.13584, 0.3, 0.257063, -0.130617, 0.957527, 0.0, 0.0, 0.0, 0.0, 1.0]
            ]
        },
        {
            "name": "Head",
            "time": [0.0, 0.625, 1.4167, 4.875, 6.7083, 7.9167, 8.0],
            "transform": [
                [1.0, -0.0, -0.0, -0.0, -0.0, 0.996135, -0.08784, 0.4, 0.0, 0.08784, 0.996135, 0.0, 0.0, 0.0, 0.0, 1.0],
                [1.0, 0.0, 0.0, 0.0, -0.0, 0.954881, -0.296988, 0.4, 0.0, 0.296988, 0.954881, -0.0, 0.0, 0.0, 0.0, 1.0],
                [1.0, -0.0, 0.0, 0.0, -0.0, 0.926461, -0.37639, 0.4, -0.0, 0.37639, 0.926461, 0.0, 0.0, 0.0, 0.0, 1.0],
                [1.0, 0.0, 0.0, -0.0, -0.0, 0.954857, -0.297065, 0.4, -0.0, 0.297065, 0.954857, 0.0, 0.0, 0.0, 0.0, 1.0],
                [0.750972, 0.0, -0.660334, -0.0, -0.196162, 0.954857, -0.223088, 0.4, 0.630525, 0.297065, 0.717071, -0.0, 0.0, 0.0, 0.0, 1.0],
                [1.0, 0.0, -0.0, -0.0, -0.0, 0.996135, -0.08784, 0.4, -0.0, 0.08784, 0.996135, -0.0, 0.0, 0.0, 0.0, 1.0],
                [1.0, -0.0, -0.0, 0.0, -0.0, 0.996135, -0.08784, 0.4, 0.0, 0.08784, 0.996135, 0.0, 0.0, 0.0, 0.0, 1.0]
            ]
        },
        {
            "name": "Shoulder_R",
            "time": [0.0, 8.0],
            "transform": [
                [0.0, 0.952114, 0.305743, -0.0, 0.0, -0.305743, 0.952114, 0.4, 1.0, 0.0, -0.0, 0.0, 0.0, 0.0, 0.0, 1.0],
                [0.0, 0.952114, 0.305743, 0.0, 0.0, -0.305743, 0.952114, 0.4, 1.0, 0.0, -0.0, 0.0, 0.0, 0.0, 0.0, 1.0]
            ]
        },
        {
            "name": "Arm_R",
            "time": [0.0, 0.0833, 0.1667, 0.25, 0.3333, 0.4167, 0.625, 1.25, 4.1667, 7.9167, 8.0],
            "transform": [
                [0.581821, 0.03112, -0.812721, -0.0, 0.360669, 0.885768, 0.292117, 0.39386, 0.728973, -0.463083, 0.504135, -0.0, 0.0, 0.0, 0.0, 1.0],
                [0.581821, -0.027313, -0.812858, 0.0, 0.360669, 0.904456, 0.227766, 0.39386, 0.728973, -0.425692, 0.536083, -0.0, 0.0, 0.0, 0.0, 1.0],
                [0.581821, -0.13496, -0.802041, 0.0, 0.360669, 0.926685, 0.105704, 0.39386, 0.728973, -0.350772, 0.587841, 0.0, 0.0, 0.0, 0.0, 1.0],
                [0.581821, -0.226666, -0.781093, -0.0, 0.360669, 0.932692, -0.002003, 0.39386, 0.728973, -0.280551, 0.624411, 0.0, 0.0, 0.0, 0.0, 1.0],
                [0.581821, -0.318123, -0.74852, 0.0, 0.360669, 0.925808, -0.113125, 0.39386, 0.728973, -0.204149, 0.653392, 0.0, 0.0, 0.0, 0.0, 1.0],
                [0.581821, -0.340589, -0.738568, 0.0, 0.360669, 0.921968, -0.14104, 0.39386, 0.728973, -0.184319, 0.659261, -0.0, 0.0, 0.0, 0.0, 1.0],
                [0.581821, -0.504269, -0.638119, -0.0, 0.360669, 0.863196, -0.353285, 0.39386, 0.728973, -0.024601, 0.6841, 0.0, 0.0, 0.0, 0.0, 1.0],
                [0.581821, -0.740292, -0.336825, 0.0, 0.360669, 0.606036, -0.70897, 0.393861, 0.728973, 0.291011, 0.619605, 0.0, 0.0, 0.0, 0.0, 1.0],
                [0.581822, -0.763466, -0.280363, 0.0, 0.360669, 0.551165, -0.752419, 0.39386, 0.728973, 0.336655, 0.596038, 0.0, 0.0, 0.0, 0.0, 1.0],
                [0.581821, 0.03112, -0.812721, 0.0, 0.360669, 0.885768, 0.292117, 0.39386, 0.728973, -0.463083, 0.504135, 0.0, 0.0, 0.0, 0.0, 1.0],
                [0.581821, 0.03112, -0.812721, -0.0, 0.360669, 0.885768, 0.292117, 0.393861, 0.728973, -0.463083, 0.504135, 0.0, 0.0, 0.0, 0.0, 1.0]
            ]
        },
        {
            "name": "Hand_R",
            "time": [0.0, 1.9167, 8.0],
            "transform": [
                [1.0, 0.0, 0.0, -0.0, -0.0, 0.830614, -0.556849, 0.3, -0.0, 0.556849, 0.830614, 0.0, 0.0, 0.0, 0.0, 1.0],
                [1.0, 0.0, 0.0, 0.0, -0.0, 0.950063, -0.31206, 0.3, -0.0, 0.31206, 0.950063, 0.0, 0.0, 0.0, 0.0, 1.0],
                [1.0, -0.0, 0.0, 0.0, 0.0, 0.950063, -0.31206, 0.3, -0.0, 0.31206, 0.950062, 0.0, 0.0, 0.0, 0.0, 1.0]
            ]
        },
        {
            "name": "Tool_R",
            "time": [0.0, 7.9167, 8.0],
            "transform": [
                [1.0, 0.0, -0.0, 0.0, 0.0, 0.428226, 0.903672, 0.272858, 0.0, -0.903132, 0.427982, 0.0, 0.0, 0.0, 0.0, 1.0],
                [1.0, 0.0, -0.0, 0.0, 0.0, 0.428226, 0.903672, 0.272858, 0.0, -0.903132, 0.427982, -0.0, 0.0, 0.0, 0.0, 1.0],
                [1.0, 0.0, -0.0, 0.0, 0.0, 0.428226, 0.903672, 0.272858, 0.0, -0.903132, 0.427982, -0.0, 0.0, 0.0, 0.0, 1.0]
            ]
        },
        {
            "name": "Elbow_R",
            "time": [0.0, 8.0],
            "transform": [
                [-1.0, 0.0, -0.0, -0.0, -0.0, -0.0, -1.0, 0.365669, -0.0, -1.0, 0.0, 0.0, 0.0, 0.0, 0.0, 1.0],
                [-1.0, 0.0, 0.0, 0.0, -0.0, 0.0, -1.0, 0.340064, -0.0, -1.0, 0.0, 0.0, 0.0, 0.0, 0.0, 1.0]
            ]
        },
        {
            "name": "Shoulder_L",
            "time": [0.0, 8.0],
            "transform": [
                [-0.0, -0.952114, -0.305743, -0.0, 0.0, -0.305743, 0.952114, 0.4, -1.0, -0.0, 0.0, 0.0, 0.0, 0.0, 0.0, 1.0],
                [-0.0, -0.952114, -0.305743, 0.0, 0.0, -0.305743, 0.952114, 0.4, -1.0, -0.0, 0.0, 0.0, 0.0, 0.0, 0.0, 1.0]
            ]
        },
        {
            "name": "Arm_L",
            "time": [0.0, 0.2917, 0.9583, 2.2083, 5.2917, 5.7917, 6.0417, 6.4583, 7.5, 7.9167, 8.0],
            "transform": [
                [0.657631, -0.029237, 0.752773, -0.0, -0.568649, 0.636153, 0.521486, 0.39386, -0.494125, -0.771009, 0.401728, -0.0, 0.0, 0.0, 0.0, 1.0],
                [0.734337, 0.125345, 0.667111, 0.0, -0.509641, 0.750968, 0.419897, 0.39386, -0.448347, -0.648334, 0.615345, 0.0, 0.0, 0.0, 0.0, 1.0],
                [0.734337, 0.372081, 0.567719, 0.0, -0.509641, 0.854664, 0.09907, 0.39386, -0.448347, -0.362084, 0.81724, -0.0, 0.0, 0.0, 0.0, 1.0],
                [0.734337, 0.58263, 0.34827, -0.0, -0.509641, 0.812143, -0.284061, 0.39386, -0.448347, 0.031104, 0.893318, 0.0, 0.0, 0.0, 0.0, 1.0],
                [0.734337, 0.608842, 0.300099, -0.0, -0.509641, 0.786561, -0.348695, 0.39386, -0.448347, 0.103117, 0.887892, 0.0, 0.0, 0.0, 0.0, 1.0],
                [0.560364, 0.771967, 0.300099, -0.0, -0.68882, 0.635562, -0.348695, 0.39386, -0.459913, -0.011318, 0.887892, 0.0, 0.0, 0.0, 0.0, 1.0],
                [0.288161, 0.771967, 0.566596, 0.0, -0.365766, 0.635562, -0.679909, 0.39386, -0.884974, -0.011318, 0.465503, 0.0, 0.0, 0.0, 0.0, 1.0],
                [0.246142, 0.771967, 0.586073, -0.0, -0.315291, 0.635562, -0.704736, 0.39386, -0.916518, -0.011318, 0.399833, 0.0, 0.0, 0.0, 0.0, 1.0],
                [0.246142, -0.346713, 0.905099, -0.0, -0.315291, 0.854397, 0.413034, 0.39386, -0.916518, -0.387035, 0.100988, -0.0, 0.0, 0.0, 0.0, 1.0],
                [0.246142, -0.346713, 0.905099, -0.0, -0.315291, 0.854397, 0.413034, 0.39386, -0.916518, -0.387035, 0.100988, -0.0, 0.0, 0.0, 0.0, 1.0],
                [0.246142, -0.346713, 0.905099, 0.0, -0.315291, 0.854397, 0.413034, 0.39386, -0.916518, -0.387035, 0.100988, 0.0, 0.0, 0.0, 0.0, 1.0]
            ]
        },
        {
            "name": "Hand_L",
            "time": [0.0, 2.2083, 8.0],
            "transform": [
                [1.0, 0.0, 0.0, -0.0, -0.0, 0.939248, -0.343239, 0.3, -0.0, 0.34324, 0.939248, -0.0, 0.0, 0.0, 0.0, 1.0],
                [1.0, 0.0, 0.0, 0.0, -0.0, 0.93461, -0.355676, 0.3, -0.0, 0.355676, 0.93461, 0.0, 0.0, 0.0, 0.0, 1.0],
                [1.0, 0.0, 0.0, -0.0, 0.0, 0.934609, -0.355676, 0.3, -0.0, 0.355676, 0.934609, 0.0, 0.0, 0.0, 0.0, 1.0]
            ]
        },
        {
            "name": "Tool_L",
            "time": [0.0, 8.0],
            "transform": [
                [1.0, 0.0, 0.0, -0.0, 0.0, -0.999836, 0.018122, 0.272858, 0.0, -0.018122, -0.999248, 0.0, 0.0, 0.0, 0.0, 1.0],
                [1.0, 0.0, 0.0, -0.0, -0.0, -0.999836, 0.018122, 0.272858, 0.0, -0.018122, -0.999247, -0.0, 0.0, 0.0, 0.0, 1.0]
            ]
        },
        {
            "name": "Elbow_L",
            "time": [0.0, 8.0],
            "transform": [
                [-1.0, 0.0, -0.0, -0.0, 0.0, -0.0, -1.0, 0.343157, -0.0, -1.0, -0.0, -0.0, 0.0, 0.0, 0.0, 1.0],
                [-1.0, 0.0, -0.0, 0.0, 0.0, -0.0, -1.0, 0.344401, -0.0, -1.0, -0.0, 0.0, 0.0, 0.0, 0.0, 1.0]
            ]
        }
    ]
}