{
    "animation": [
        {
            "name": "Root",
            "time": [0.0, 0.3333, 0.6667, 1.0, 1.3333],
            "transform": [
                [1.0, 0.0, 0.0, -5e-06, 0.0, 0.0, -1.0, 0.000946, 0.0, 1.0, 0.0, 1.08491, 0.0, 0.0, 0.0, 1.0],
                [1.0, 0.0, 0.0, -5e-06, 0.0, 0.0, -1.0, 0.000946, 0.0, 1.0, 0.0, 0.727254, 0.0, 0.0, 0.0, 1.0],
                [1.0, 0.0, 0.0, -5e-06, 0.0, 0.0, -1.0, 0.000946, 0.0, 1.0, 0.0, 0.900314, 0.0, 0.0, 0.0, 1.0],
                [1.0, 0.0, 0.0, -5e-06, 0.0, 0.0, -1.0, 0.000946, 0.0, 1.0, 0.0, 0.825635, 0.0, 0.0, 0.0, 1.0],
                [1.0, 0.0, 0.0, -5e-06, 0.0, 0.0, -1.0, 0.000946, 0.0, 1.0, 0.0, 1.090414, 0.0, 0.0, 0.0, 1.0]
            ]
        },
        {
            "name": "Thigh_R",
            "time": [0.0, 0.3333, 0.6667, 1.0, 1.3333],
            "transform": [
                [0.811925, -0.485028, -0.324844, 0.101485, -0.160255, -0.720281, 0.674916, -0.022863, -0.561333, -0.495922, -0.662545, -0.070178, 0.0, 0.0, 0.0, 1.0],
                [0.811925, -0.518124, -0.268929, 0.101485, -0.160255, -0.640814, 0.750782, -0.022863, -0.561333, -0.56648, -0.603328, -0.070178, 0.0, 0.0, 0.0, 1.0],
                [0.811925, -0.544801, -0.209683, 0.101485, -0.160255, -0.553409, 0.817347, -0.022863, -0.561333, -0.630021, -0.536636, -0.070178, 0.0, 0.0, 0.0, 1.0],
                [0.811925, -0.518124, -0.268929, 0.101485, -0.160255, -0.640814, 0.750782, -0.022863, -0.561333, -0.566481, -0.603328, -0.070178, 0.0, 0.0, 0.0, 1.0],
                [0.811925, -0.485028, -0.324844, 0.101485, -0.160255, -0.720281, 0.674916, -0.022863, -0.561333, -0.495922, -0.662545, -0.070178, 0.0, 0.0, 0.0, 1.0]
            ]
        },
        {
            "name": "Leg_R",
            "time": [0.0, 0.3333, 0.6667, 1.0, 1.3333],
            "transform": [
                [1.0, -1e-06, 0.0, -0.0, -0.0, -0.065454, 0.997855, 0.37472, -1e-06, -0.997856, -0.065454, 0.0, 0.0, 0.0, 0.0, 1.0],
                [1.0, -1e-06, 0.0, 0.0, -0.0, -0.216114, 0.976367, 0.37472, -1e-06, -0.976369, -0.216113, -0.0, 0.0, 0.0, 0.0, 1.0],
                [1.0, -1e-06, -0.0, 0.0, -0.0, -0.362263, 0.932076, 0.37472, -1e-06, -0.932077, -0.362262, 0.0, 0.0, 0.0, 0.0, 1.0],
                [1.0, -1e-06, 0.0, -0.0, -0.0, -0.216114, 0.976367, 0.37472, -1e-06, -0.976369, -0.216114, -0.0, 0.0, 0.0, 0.0, 1.0],
                [1.0, -1e-06, 0.0, 0.0, -0.0, -0.065454, 0.997855, 0.37472, -1e-06, -0.997856, -0.065454, 0.0, 0.0, 0.0, 0.0, 1.0]
            ]
        },
        {
            "name": "Knee_R",
            "time": [0.0, 0.3333, 0.6667, 1.0, 1.3333],
            "transform": [
                [1.0, 0.0, -0.0, -0.0, -0.0, 1e-06, -1.0, 0.48472, -0.0, 1.0, 1e-06, -0.0, 0.0, 0.0, 0.0, 1.0],
                [1.0, 0.0, -0.0, 0.0, -0.0, 1e-06, -1.0, 0.48472, -0.0, 1.0, 1e-06, -0.0, 0.0, 0.0, 0.0, 1.0],
                [1.0, 0.0, -0.0, -0.0, -0.0, 1e-06, -1.0, 0.48472, -0.0, 1.0, 1e-06, 0.0, 0.0, 0.0, 0.0, 1.0],
                [1.0, 0.0, -0.0, -0.0, -0.0, 1e-06, -1.0, 0.48472, -0.0, 1.0, 1e-06, -0.0, 0.0, 0.0, 0.0, 1.0],
                [1.0, 0.0, -0.0, 0.0, -0.0, 1e-06, -1.0, 0.48472, -0.0, 1.0, 1e-06, -0.0, 0.0, 0.0, 0.0, 1.0]
            ]
        },
        {
            "name": "Thigh_L",
            "time": [0.0, 0.3333, 0.6667, 1.0, 1.3333],
            "transform": [
                [0.765601, -0.270328, -0.58376, -0.101497, -0.471267, -0.853361, -0.222891, 0.017201, -0.437905, 0.445753, -0.780732, 0.070155, 0.0, 0.0, 0.0, 1.0],
                [0.765601, -0.186774, -0.615605, -0.101497, -0.471267, -0.814213, -0.339063, 0.017201, -0.437905, 0.549702, -0.711383, 0.070155, 0.0, 0.0, 0.0, 1.0],
                [0.765601, -0.099612, -0.635556, -0.101497, -0.471267, -0.759334, -0.448685, 0.017201, -0.437905, 0.64303, -0.628291, 0.070155, 0.0, 0.0, 0.0, 1.0],
                [0.765601, -0.186774, -0.615605, -0.101497, -0.471267, -0.814213, -0.339063, 0.017201, -0.437905, 0.549701, -0.711383, 0.070155, 0.0, 0.0, 0.0, 1.0],
                [0.765601, -0.270328, -0.58376, -0.101497, -0.471267, -0.853361, -0.222891, 0.017201, -0.437905, 0.445753, -0.780732, 0.070155, 0.0, 0.0, 0.0, 1.0]
            ]
        },
        {
            "name": "Leg_L",
            "time": [0.0, 0.3333, 0.6667, 1.0, 1.3333],
            "transform": [
                [1.0, 0.0, 1e-06, 0.0, -0.0, 1.0, 0.0, 0.37472, -1e-06, -0.0, 1.0, 0.0, 0.0, 0.0, 0.0, 1.0],
                [1.0, 0.0, 1e-06, 0.0, -0.0, 0.990823, 0.135162, 0.37472, -1e-06, -0.135161, 0.990824, 0.0, 0.0, 0.0, 0.0, 1.0],
                [1.0, 0.0, 1e-06, 0.0, -0.0, 0.963463, 0.267842, 0.37472, -1e-06, -0.267842, 0.963463, 0.0, 0.0, 0.0, 0.0, 1.0],
                [1.0, 0.0, 1e-06, -0.0, -0.0, 0.990823, 0.135162, 0.37472, -1e-06, -0.135161, 0.990824, 0.0, 0.0, 0.0, 0.0, 1.0],
                [1.0, 0.0, 1e-06, 0.0, -0.0, 1.0, 0.0, 0.37472, -1e-06, -0.0, 1.0, 0.0, 0.0, 0.0, 0.0, 1.0]
            ]
        },
        {
            "name": "Knee_L",
            "time": [0.0, 0.3333, 0.6667, 1.0, 1.3333],
            "transform": [
                [1.0, 0.0, -0.0, 0.0, -0.0, 1e-06, -1.0, 0.37472, -0.0, 1.0, 1e-06, 0.0, 0.0, 0.0, 0.0, 1.0],
                [1.0, 0.0, -0.0, 0.0, -0.0, 1e-06, -1.0, 0.37472, -0.0, 1.0, 1e-06, -0.0, 0.0, 0.0, 0.0, 1.0],
                [1.0, 0.0, -0.0, 0.0, -0.0, 1e-06, -1.0, 0.37472, -0.0, 1.0, 1e-06, 0.0, 0.0, 0.0, 0.0, 1.0],
                [1.0, 0.0, -0.0, -0.0, -0.0, 1e-06, -1.0, 0.37472, -0.0, 1.0, 1e-06, -0.0, 0.0, 0.0, 0.0, 1.0],
                [1.0, 0.0, -0.0, 0.0, -0.0, 1e-06, -1.0, 0.37472, -0.0, 1.0, 1e-06, 0.0, 0.0, 0.0, 0.0, 1.0]
            ]
        },
        {
            "name": "Torso",
            "time": [0.0, 0.3333, 0.6667, 1.0, 1.3333],
            "transform": [
                [0.876021, -0.169612, 0.451463, 0.0, 0.0, 0.936116, 0.351693, 0.05, -0.482273, -0.30809, 0.820057, 0.0, 0.0, 0.0, 0.0, 1.0],
                [0.876021, -0.149371, 0.458558, 0.0, 0.0, 0.950827, 0.309724, 0.05, -0.482273, -0.271325, 0.832944, 0.0, 0.0, 0.0, 0.0, 1.0],
                [0.876021, -0.128835, 0.464746, 0.0, 0.0, 0.963657, 0.267142, 0.05, -0.482273, -0.234022, 0.844184, 0.0, 0.0, 0.0, 0.0, 1.0],
                [0.876021, -0.149371, 0.458558, 0.0, 0.0, 0.950827, 0.309724, 0.05, -0.482273, -0.271325, 0.832944, 0.0, 0.0, 0.0, 0.0, 1.0],
                [0.876021, -0.169612, 0.451463, 0.0, 0.0, 0.936116, 0.351693, 0.05, -0.482273, -0.30809, 0.820057, 0.0, 0.0, 0.0, 0.0, 1.0]
            ]
        },
        {
            "name": "Chest",
            "time": [0.0, 0.3333, 0.6667, 1.0, 1.3333],
            "transform": [
                [1.0, -0.0, -0.0, -0.0, 0.0, 0.989893, -0.141815, 0.3, 0.0, 0.141815, 0.989893, 0.0, 0.0, 0.0, 0.0, 1.0],
                [1.0, 0.0, -0.0, 0.0, -0.0, 0.993355, -0.115088, 0.3, 0.0, 0.115088, 0.993355, 0.0, 0.0, 0.0, 0.0, 1.0],
                [1.0, -0.0, 0.0, -0.0, -0.0, 0.996096, -0.088278, 0.3, -0.0, 0.088278, 0.996096, 0.0, 0.0, 0.0, 0.0, 1.0],
                [1.0, 0.0, 0.0, 0.0, -0.0, 0.993355, -0.115088, 0.3, -0.0, 0.115088, 0.993355, -0.0, 0.0, 0.0, 0.0, 1.0],
                [1.0, -0.0, -0.0, -0.0, 0.0, 0.989893, -0.141815, 0.3, 0.0, 0.141815, 0.989893, 0.0, 0.0, 0.0, 0.0, 1.0]
            ]
        },
        {
            "name": "Head",
            "time": [0.0, 0.3333, 0.6667, 1.0, 1.3333],
            "transform": [
                [0.905702, 0.0, -0.423915, 0.0, -0.0, 1.0, 0.0, 0.4, 0.423915, -0.0, 0.905702, -0.0, 0.0, 0.0, 0.0, 1.0],
                [0.905702, -0.011965, -0.423746, 0.0, -0.0, 0.999602, -0.028224, 0.4, 0.423915, 0.025563, 0.905341, 0.0, 0.0, 0.0, 0.0, 1.0],
                [0.905702, -0.02392, -0.423239, -0.0, 0.0, 0.998407, -0.056426, 0.4, 0.423915, 0.051106, 0.904259, 0.0, 0.0, 0.0, 0.0, 1.0],
                [0.905702, -0.011965, -0.423746, 0.0, -0.0, 0.999602, -0.028224, 0.4, 0.423915, 0.025563, 0.905341, 0.0, 0.0, 0.0, 0.0, 1.0],
                [0.905702, 0.0, -0.423915, 0.0, -0.0, 1.0, 0.0, 0.4, 0.423915, -0.0, 0.905702, -0.0, 0.0, 0.0, 0.0, 1.0]
            ]
        },
        {
            "name": "Shoulder_R",
            "time": [0.0, 0.3333, 0.6667, 1.0, 1.3333],
            "transform": [
                [0.0, 0.92809, 0.372354, 0.0, 0.0, -0.372354, 0.928091, 0.4, 1.0, -0.0, -0.0, -0.0, 0.0, 0.0, 0.0, 1.0],
                [0.0, 0.92809, 0.372354, 0.0, 0.0, -0.372354, 0.928091, 0.4, 1.0, -0.0, -0.0, 0.0, 0.0, 0.0, 0.0, 1.0],
                [0.0, 0.92809, 0.372354, -0.0, 0.0, -0.372354, 0.928091, 0.4, 1.0, 0.0, -0.0, 0.0, 0.0, 0.0, 0.0, 1.0],
                [0.0, 0.92809, 0.372354, 0.0, 0.0, -0.372354, 0.928091, 0.4, 1.0, -0.0, -0.0, 0.0, 0.0, 0.0, 0.0, 1.0],
                [0.0, 0.92809, 0.372354, 0.0, 0.0, -0.372354, 0.928091, 0.4, 1.0, -0.0, -0.0, -0.0, 0.0, 0.0, 0.0, 1.0]
            ]
        },
        {
            "name": "Arm_R",
            "time": [0.0, 0.3333, 0.6667, 1.0, 1.3333],
            "transform": [
                [0.008886, 0.753397, -0.657506, 0.0, 0.353708, 0.612654, 0.706785, 0.39386, 0.935314, -0.238846, -0.261038, -0.0, 0.0, 0.0, 0.0, 1.0],
                [0.008886, 0.753397, -0.657506, 0.0, 0.353708, 0.612654, 0.706785, 0.393861, 0.935314, -0.238845, -0.261038, -0.0, 0.0, 0.0, 0.0, 1.0],
                [0.008886, 0.753397, -0.657506, -0.0, 0.353708, 0.612654, 0.706785, 0.39386, 0.935314, -0.238845, -0.261038, -0.0, 0.0, 0.0, 0.0, 1.0],
                [0.008886, 0.753397, -0.657506, -0.0, 0.353708, 0.612654, 0.706785, 0.393861, 0.935314, -0.238845, -0.261038, -0.0, 0.0, 0.0, 0.0, 1.0],
                [0.008886, 0.753397, -0.657506, 0.0, 0.353708, 0.612654, 0.706785, 0.393861, 0.935314, -0.238846, -0.261038, 0.0, 0.0, 0.0, 0.0, 1.0]
            ]
        },
        {
            "name": "Hand_R",
            "time": [0.0, 0.3333, 0.6667, 1.0, 1.3333],
            "transform": [
                [1.0, 0.0, 0.0, -0.0, -0.0, 0.854035, -0.520215, 0.3, -0.0, 0.520215, 0.854035, 0.0, 0.0, 0.0, 0.0, 1.0],
                [1.0, -0.0, 0.0, 0.0, 0.0, 0.736225, -0.676737, 0.3, -0.0, 0.676737, 0.736225, -0.0, 0.0, 0.0, 0.0, 1.0],
                [1.0, -0.0, -0.0, 0.0, 0.0, 0.429248, -0.903187, 0.3, -0.0, 0.903187, 0.429248, 0.0, 0.0, 0.0, 0.0, 1.0],
                [1.0, 0.0, 0.0, 0.0, 0.0, 0.736226, -0.676736, 0.3, -0.0, 0.676737, 0.736226, -0.0, 0.0, 0.0, 0.0, 1.0],
                [1.0, 0.0, 0.0, -0.0, -0.0, 0.854035, -0.520215, 0.3, -0.0, 0.520215, 0.854035, 0.0, 0.0, 0.0, 0.0, 1.0]
            ]
        },
        {
            "name": "Tool_R",
            "time": [0.0, 0.3333, 0.6667, 1.0, 1.3333],
            "transform": [
                [1.0, 0.0, -0.0, -0.0, 0.0, 0.671591, 0.740923, 0.272858, 0.0, -0.740477, 0.671201, 0.0, 0.0, 0.0, 0.0, 1.0],
                [1.0, 0.0, -0.0, -0.0, 0.0, 0.671591, 0.740923, 0.272858, 0.0, -0.740477, 0.671201, 0.0, 0.0, 0.0, 0.0, 1.0],
                [1.0, 0.0, -0.0, 0.0, 0.0, 0.671591, 0.740922, 0.272858, 0.0, -0.740476, 0.671201, -0.0, 0.0, 0.0, 0.0, 1.0],
                [1.0, 0.0, -0.0, -0.0, 0.0, 0.671591, 0.740923, 0.272858, 0.0, -0.740476, 0.671201, 0.0, 0.0, 0.0, 0.0, 1.0],
                [1.0, 0.0, -0.0, -0.0, 0.0, 0.671591, 0.740923, 0.272858, 0.0, -0.740477, 0.671201, 0.0, 0.0, 0.0, 0.0, 1.0]
            ]
        },
        {
            "name": "Elbow_R",
            "time": [0.0, 0.3333, 0.6667, 1.0, 1.3333],
            "transform": [
                [-1.0, 0.0, -0.0, -0.0, 0.0, -0.0, -1.0, 0.361594, -0.0, -1.0, 0.0, 0.0, 0.0, 0.0, 0.0, 1.0],
                [-1.0, 0.0, 0.0, -0.0, -0.0, -0.0, -1.0, 0.379981, -0.0, -1.0, 0.0, -0.0, 0.0, 0.0, 0.0, 1.0],
                [-1.0, 0.0, 0.0, 0.0, -0.0, 0.0, -1.0, 0.415949, -0.0, -1.0, 0.0, 0.0, 0.0, 0.0, 0.0, 1.0],
                [-1.0, 0.0, -0.0, 0.0, -0.0, -0.0, -1.0, 0.379981, -0.0, -1.0, 0.0, -0.0, 0.0, 0.0, 0.0, 1.0],
                [-1.0, 0.0, -0.0, -0.0, 0.0, -0.0, -1.0, 0.361593, -0.0, -1.0, 0.0, 0.0, 0.0, 0.0, 0.0, 1.0]
            ]
        },
        {
            "name": "Shoulder_L",
            "time": [0.0, 0.3333, 0.6667, 1.0, 1.3333],
            "transform": [
                [-0.0, -0.952114, -0.305743, 0.0, 0.0, -0.305743, 0.952114, 0.4, -1.0, 0.0, 0.0, -0.0, 0.0, 0.0, 0.0, 1.0],
                [-0.0, -0.952114, -0.305743, 0.0, 0.0, -0.305743, 0.952114, 0.4, -1.0, 0.0, 0.0, 0.0, 0.0, 0.0, 0.0, 1.0],
                [-0.0, -0.952114, -0.305743, -0.0, 0.0, -0.305743, 0.952114, 0.4, -1.0, -0.0, 0.0, 0.0, 0.0, 0.0, 0.0, 1.0],
                [-0.0, -0.952114, -0.305743, 0.0, 0.0, -0.305743, 0.952114, 0.4, -1.0, 0.0, 0.0, 0.0, 0.0, 0.0, 0.0, 1.0],
                [-0.0, -0.952114, -0.305743, 0.0, 0.0, -0.305743, 0.952114, 0.4, -1.0, 0.0, 0.0, -0.0, 0.0, 0.0, 0.0, 1.0]
            ]
        },
        {
            "name": "Arm_L",
            "time": [0.0, 0.3333, 0.6667, 1.0, 1.3333],
            "transform": [
                [-0.0, -0.195058, 0.980792, 0.0, -0.822277, 0.558155, 0.111005, 0.39386, -0.569087, -0.806483, -0.160392, 0.0, 0.0, 0.0, 0.0, 1.0],
                [-0.0, -0.581368, 0.813641, 0.0, -0.822277, 0.463032, 0.330848, 0.39386, -0.569087, -0.669038, -0.478046, -0.0, 0.0, 0.0, 0.0, 1.0],
                [-0.0, -0.864674, 0.502334, -0.0, -0.822278, 0.285872, 0.492074, 0.39386, -0.569087, -0.413058, -0.711002, -0.0, 0.0, 0.0, 0.0, 1.0],
                [-0.0, -0.581368, 0.813641, 0.0, -0.822277, 0.463032, 0.330848, 0.39386, -0.569087, -0.669038, -0.478046, -0.0, 0.0, 0.0, 0.0, 1.0],
                [-0.0, -0.195058, 0.980792, 0.0, -0.822277, 0.558155, 0.111005, 0.39386, -0.569087, -0.806483, -0.160392, 0.0, 0.0, 0.0, 0.0, 1.0]
            ]
        },
        {
            "name": "Hand_L",
            "time": [0.0, 0.3333, 0.6667, 1.0, 1.3333],
            "transform": [
                [1.0, 0.0, 0.0, 0.0, -0.0, 0.966867, -0.255283, 0.3, -0.0, 0.255283, 0.966866, 0.0, 0.0, 0.0, 0.0, 1.0],
                [1.0, -0.0, 0.0, -0.0, -0.0, 0.983183, -0.182622, 0.3, -0.0, 0.182622, 0.983183, -0.0, 0.0, 0.0, 0.0, 1.0],
                [1.0, 0.0, -0.0, -0.0, -0.0, 0.994047, -0.108948, 0.3, -0.0, 0.108948, 0.994047, 0.0, 0.0, 0.0, 0.0, 1.0],
                [1.0, -0.0, 0.0, -0.0, -0.0, 0.983183, -0.182622, 0.3, -0.0, 0.182622, 0.983183, 0.0, 0.0, 0.0, 0.0, 1.0],
                [1.0, 0.0, 0.0, 0.0, -0.0, 0.966867, -0.255283, 0.3, -0.0, 0.255283, 0.966866, 0.0, 0.0, 0.0, 0.0, 1.0]
            ]
        },
        {
            "name": "Tool_L",
            "time": [0.0, 0.3333, 0.6667, 1.0, 1.3333],
            "transform": [
                [1.0, -0.0, 0.0, 0.0, -0.0, -0.909454, -0.415804, 0.272858, 0.0, 0.41555, -0.908924, 0.0, 0.0, 0.0, 0.0, 1.0],
                [1.0, -0.0, 0.0, -0.0, 0.0, -0.909454, -0.415804, 0.272858, 0.0, 0.41555, -0.908924, -0.0, 0.0, 0.0, 0.0, 1.0],
                [1.0, -0.0, 0.0, -0.0, -0.0, -0.909454, -0.415804, 0.272858, 0.0, 0.41555, -0.908924, 0.0, 0.0, 0.0, 0.0, 1.0],
                [1.0, -0.0, 0.0, 0.0, 0.0, -0.909454, -0.415804, 0.272858, 0.0, 0.41555, -0.908924, 0.0, 0.0, 0.0, 0.0, 1.0],
                [1.0, -0.0, 0.0, 0.0, -0.0, -0.909454, -0.415804, 0.272858, 0.0, 0.41555, -0.908924, -0.0, 0.0, 0.0, 0.0, 1.0]
            ]
        },
        {
            "name": "Elbow_L",
            "time": [0.0, 0.3333, 0.6667, 1.0, 1.3333],
            "transform": [
                [-1.0, 0.0, -0.0, 0.0, 0.0, -0.0, -1.0, 0.334515, -0.0, -1.0, -0.0, 0.0, 0.0, 0.0, 0.0, 1.0],
                [-1.0, 0.0, 0.0, -0.0, -0.0, -0.0, -1.0, 0.327534, -0.0, -1.0, -0.0, -0.0, 0.0, 0.0, 0.0, 1.0],
                [-1.0, 0.0, -0.0, 0.0, -0.0, -0.0, -1.0, 0.320554, -0.0, -1.0, -0.0, 0.0, 0.0, 0.0, 0.0, 1.0],
                [-1.0, 0.0, 0.0, 0.0, -0.0, -0.0, -1.0, 0.327534, -0.0, -1.0, 0.0, 0.0, 0.0, 0.0, 0.0, 1.0],
                [-1.0, 0.0, -0.0, 0.0, 0.0, -0.0, -1.0, 0.334515, -0.0, -1.0, -0.0, -0.0, 0.0, 0.0, 0.0, 1.0]
            ]
        }
    ]
}