{
    "animation": [
        {
            "name": "Root",
            "time": [0.0, 0.5, 1.0, 1.5, 2.0],
            "transform": [
                [1.0, 0.0, 0.0, -5e-06, 0.0, 0.0, -1.0, 0.000946, 0.0, 1.0, 0.0, 1.08491, 0.0, 0.0, 0.0, 1.0],
                [1.0, 0.0, 0.0, -5e-06, 0.0, 0.0, -1.0, 0.000946, 0.0, 1.0, 0.0, 0.945501, 0.0, 0.0, 0.0, 1.0],
                [1.0, 0.0, 0.0, -5e-06, 0.0, 0.0, -1.0, 0.000946, 0.0, 1.0, 0.0, 1.08491, 0.0, 0.0, 0.0, 1.0],
                [1.0, 0.0, 0.0, -5e-06, 0.0, 0.0, -1.0, 0.000946, 0.0, 1.0, 0.0, 0.945501, 0.0, 0.0, 0.0, 1.0],
                [1.0, 0.0, 0.0, -5e-06, 0.0, 0.0, -1.0, 0.000946, 0.0, 1.0, 0.0, 1.08491, 0.0, 0.0, 0.0, 1.0]
            ]
        },
        {
            "name": "Thigh_R",
            "time": [0.0, 0.5, 1.0, 1.5, 2.0],
            "transform": [
                [0.901142, 0.287683, 0.324315, 0.124994, 0.179511, -0.928557, 0.32489, -0.002831, 0.394611, -0.234553, -0.888407, -1.2e-05, 0.0, 0.0, 0.0, 1.0],
                [0.901142, 0.287683, 0.324315, 0.124994, 0.179511, -0.928557, 0.32489, -0.002831, 0.394611, -0.234553, -0.888407, -1.2e-05, 0.0, 0.0, 0.0, 1.0],
                [0.901142, 0.287683, 0.324315, 0.124994, 0.179511, -0.928557, 0.32489, -0.002831, 0.394611, -0.234553, -0.888407, -1.2e-05, 0.0, 0.0, 0.0, 1.0],
                [0.901142, 0.287683, 0.324315, 0.124994, 0.179511, -0.928557, 0.32489, -0.002831, 0.394611, -0.234553, -0.888407, -1.2e-05, 0.0, 0.0, 0.0, 1.0],
                [0.901142, 0.287683, 0.324315, 0.124994, 0.179511, -0.928557, 0.32489, -0.002831, 0.394611, -0.234553, -0.888407, -1.2e-05, 0.0, 0.0, 0.0, 1.0]
            ]
        },
        {
            "name": "Leg_R",
            "time": [0.0, 0.5, 1.0, 1.5, 2.0],
            "transform": [
                [1.0, -0.0, 1e-06, 0.0, -0.0, 0.951769, 0.306817, 0.37472, -1e-06, -0.306817, 0.951768, 0.0, 0.0, 0.0, 0.0, 1.0],
                [1.0, -0.0, 1e-06, 0.0, -0.0, 0.881552, 0.472088, 0.37472, -1e-06, -0.472089, 0.881551, 0.0, 0.0, 0.0, 0.0, 1.0],
                [1.0, -0.0, 1e-06, 0.0, -0.0, 0.951769, 0.306817, 0.37472, -1e-06, -0.306817, 0.951768, 0.0, 0.0, 0.0, 0.0, 1.0],
                [1.0, -0.0, 1e-06, 0.0, -0.0, 0.881552, 0.472088, 0.37472, -1e-06, -0.472089, 0.881551, 0.0, 0.0, 0.0, 0.0, 1.0],
                [1.0, -0.0, 1e-06, 0.0, -0.0, 0.951769, 0.306817, 0.37472, -1e-06, -0.306817, 0.951768, 0.0, 0.0, 0.0, 0.0, 1.0]
            ]
        },
        {
            "name": "Knee_R",
            "time": [0.0, 0.5, 1.0, 1.5, 2.0],
            "transform": [
                [1.0, 0.0, -0.0, 0.0, -0.0, 1e-06, -1.0, 0.37472, -0.0, 1.0, 1e-06, 0.0, 0.0, 0.0, 0.0, 1.0],
                [1.0, 0.0, -0.0, 0.0, -0.0, 1e-06, -1.0, 0.37472, -0.0, 1.0, 1e-06, 0.0, 0.0, 0.0, 0.0, 1.0],
                [1.0, 0.0, -0.0, 0.0, -0.0, 1e-06, -1.0, 0.37472, -0.0, 1.0, 1e-06, 0.0, 0.0, 0.0, 0.0, 1.0],
                [1.0, 0.0, -0.0, 0.0, -0.0, 1e-06, -1.0, 0.37472, -0.0, 1.0, 1e-06, 0.0, 0.0, 0.0, 0.0, 1.0],
                [1.0, 0.0, -0.0, 0.0, -0.0, 1e-06, -1.0, 0.37472, -0.0, 1.0, 1e-06, 0.0, 0.0, 0.0, 0.0, 1.0]
            ]
        },
        {
            "name": "Thigh_L",
            "time": [0.0, 0.5, 1.0, 1.5, 2.0],
            "transform": [
                [0.964621, -0.26364, 0.0, -0.125006, -0.263639, -0.96462, 1e-06, -0.002831, -0.0, -0.0, -1.0, -1.2e-05, 0.0, 0.0, 0.0, 1.0],
                [0.964621, -0.26364, 0.0, -0.125006, -0.263639, -0.96462, 1e-06, -0.002831, -0.0, -0.0, -1.0, -1.2e-05, 0.0, 0.0, 0.0, 1.0],
                [0.964621, -0.26364, 0.0, -0.125006, -0.263639, -0.96462, 1e-06, -0.002831, -0.0, -0.0, -1.0, -1.2e-05, 0.0, 0.0, 0.0, 1.0],
                [0.964621, -0.26364, 0.0, -0.125006, -0.263639, -0.96462, 1e-06, -0.002831, -0.0, -0.0, -1.0, -1.2e-05, 0.0, 0.0, 0.0, 1.0],
                [0.964621, -0.26364, 0.0, -0.125006, -0.263639, -0.96462, 1e-06, -0.002831, -0.0, -0.0, -1.0, -1.2e-05, 0.0, 0.0, 0.0, 1.0]
            ]
        },
        {
            "name": "Leg_L",
            "time": [0.0, 0.5, 1.0, 1.5, 2.0],
            "transform": [
                [1.0, -0.0, 1e-06, 0.0, -0.0, 0.935869, 0.352348, 0.37472, -1e-06, -0.352348, 0.93587, 0.0, 0.0, 0.0, 0.0, 1.0],
                [1.0, 0.0, 1e-06, 0.0, -0.0, 0.999959, 0.009018, 0.37472, -1e-06, -0.009018, 0.99996, 0.0, 0.0, 0.0, 0.0, 1.0],
                [1.0, -0.0, 1e-06, 0.0, -0.0, 0.935869, 0.352348, 0.37472, -1e-06, -0.352348, 0.93587, 0.0, 0.0, 0.0, 0.0, 1.0],
                [1.0, 0.0, 1e-06, 0.0, -0.0, 0.999959, 0.009018, 0.37472, -1e-06, -0.009018, 0.99996, 0.0, 0.0, 0.0, 0.0, 1.0],
                [1.0, -0.0, 1e-06, 0.0, -0.0, 0.935869, 0.352348, 0.37472, -1e-06, -0.352348, 0.93587, 0.0, 0.0, 0.0, 0.0, 1.0]
            ]
        },
        {
            "name": "Knee_L",
            "time": [0.0, 0.5, 1.0, 1.5, 2.0],
            "transform": [
                [1.0, 0.0, -0.0, 0.0, -0.0, 1e-06, -1.0, 0.37472, -0.0, 1.0, 1e-06, 0.0, 0.0, 0.0, 0.0, 1.0],
                [1.0, 0.0, -0.0, 0.0, -0.0, 1e-06, -1.0, 0.37472, -0.0, 1.0, 1e-06, 0.0, 0.0, 0.0, 0.0, 1.0],
                [1.0, 0.0, -0.0, 0.0, -0.0, 1e-06, -1.0, 0.37472, -0.0, 1.0, 1e-06, 0.0, 0.0, 0.0, 0.0, 1.0],
                [1.0, 0.0, -0.0, 0.0, -0.0, 1e-06, -1.0, 0.37472, -0.0, 1.0, 1e-06, 0.0, 0.0, 0.0, 0.0, 1.0],
                [1.0, 0.0, -0.0, 0.0, -0.0, 1e-06, -1.0, 0.37472, -0.0, 1.0, 1e-06, 0.0, 0.0, 0.0, 0.0, 1.0]
            ]
        },
        {
            "name": "Torso",
            "time": [0.0, 0.5, 1.0, 1.5, 2.0],
            "transform": [
                [0.989161, 0.0, -0.146834, 0.0, 0.0, 1.0, 0.0, 0.05, 0.146834, 0.0, 0.989161, 0.0, 0.0, 0.0, 0.0, 1.0],
                [0.989161, 0.0, -0.146834, 0.0, 0.0, 1.0, 0.0, 0.05, 0.146834, 0.0, 0.989161, 0.0, 0.0, 0.0, 0.0, 1.0],
                [0.989161, 0.0, -0.146834, 0.0, 0.0, 1.0, 0.0, 0.05, 0.146834, 0.0, 0.989161, 0.0, 0.0, 0.0, 0.0, 1.0],
                [0.989161, 0.0, -0.146834, 0.0, 0.0, 1.0, 0.0, 0.05, 0.146834, 0.0, 0.989161, 0.0, 0.0, 0.0, 0.0, 1.0],
                [0.989161, 0.0, -0.146834, 0.0, 0.0, 1.0, 0.0, 0.05, 0.146834, 0.0, 0.989161, 0.0, 0.0, 0.0, 0.0, 1.0]
            ]
        },
        {
            "name": "Chest",
            "time": [0.0, 0.5, 1.0, 1.5, 2.0],
            "transform": [
                [0.820176, 0.058299, -0.569134, -0.0, 0.008285, 0.99348, 0.113705, 0.3, 0.572052, -0.097974, 0.814345, 0.0, 0.0, 0.0, 0.0, 1.0],
                [0.820176, 0.025537, -0.571541, -0.0, 0.008285, 0.998368, 0.056497, 0.3, 0.572052, -0.051072, 0.818626, 0.0, 0.0, 0.0, 0.0, 1.0],
                [0.820176, 0.058299, -0.569134, -0.0, 0.008285, 0.99348, 0.113705, 0.3, 0.572052, -0.097974, 0.814345, 0.0, 0.0, 0.0, 0.0, 1.0],
                [0.820176, 0.058299, -0.569134, -0.0, 0.008285, 0.99348, 0.113705, 0.3, 0.572052, -0.097974, 0.814345, 0.0, 0.0, 0.0, 0.0, 1.0],
                [0.820176, 0.058299, -0.569134, -0.0, 0.008285, 0.99348, 0.113705, 0.3, 0.572052, -0.097974, 0.814345, 0.0, 0.0, 0.0, 0.0, 1.0]
            ]
        },
        {
            "name": "Head",
            "time": [0.0, 0.5, 1.0, 1.5, 2.0],
            "transform": [
                [0.805054, 0.0, 0.593202, 0.0, -0.0, 1.0, -0.0, 0.4, -0.593202, 0.0, 0.805054, -0.0, 0.0, 0.0, 0.0, 1.0],
                [0.805054, 0.0, 0.593202, -0.0, -0.0, 1.0, -0.0, 0.4, -0.593202, 0.0, 0.805054, 0.0, 0.0, 0.0, 0.0, 1.0],
                [0.805054, 0.0, 0.593202, 0.0, -0.0, 1.0, -0.0, 0.4, -0.593202, 0.0, 0.805054, -0.0, 0.0, 0.0, 0.0, 1.0],
                [0.805054, 0.0, 0.593202, -0.0, -0.0, 1.0, -0.0, 0.4, -0.593202, 0.0, 0.805054, 0.0, 0.0, 0.0, 0.0, 1.0],
                [0.805054, 0.0, 0.593202, 0.0, -0.0, 1.0, -0.0, 0.4, -0.593202, 0.0, 0.805054, -0.0, 0.0, 0.0, 0.0, 1.0]
            ]
        },
        {
            "name": "Shoulder_R",
            "time": [0.0, 0.5, 1.0, 1.5, 2.0],
            "transform": [
                [-0.434494, 0.821973, 0.368204, 0.0, 0.139525, -0.342447, 0.929119, 0.4, 0.889802, 0.455071, 0.034106, -0.0, 0.0, 0.0, 0.0, 1.0],
                [-0.434494, 0.821973, 0.368204, -0.0, 0.139525, -0.342447, 0.929119, 0.4, 0.889802, 0.455071, 0.034106, 0.0, 0.0, 0.0, 0.0, 1.0],
                [-0.434494, 0.821973, 0.368204, 0.0, 0.139525, -0.342447, 0.929119, 0.4, 0.889802, 0.455071, 0.034106, -0.0, 0.0, 0.0, 0.0, 1.0],
                [-0.434494, 0.821973, 0.368204, -0.0, 0.139525, -0.342447, 0.929119, 0.4, 0.889802, 0.455071, 0.034106, 0.0, 0.0, 0.0, 0.0, 1.0],
                [-0.434494, 0.821973, 0.368204, 0.0, 0.139525, -0.342447, 0.929119, 0.4, 0.889802, 0.455071, 0.034106, -0.0, 0.0, 0.0, 0.0, 1.0]
            ]
        },
        {
            "name": "Arm_R",
            "time": [0.0, 1.0, 2.0],
            "transform": [
                [0.0, -0.0, -1.0, 0.0, 0.952114, 0.305743, 0.0, 0.39386, 0.305743, -0.952114, 0.0, -0.0, 0.0, 0.0, 0.0, 1.0],
                [0.0, -0.221432, -0.975176, 0.0, 0.952114, 0.298154, -0.067701, 0.39386, 0.305743, -0.928478, 0.210829, -0.0, 0.0, 0.0, 0.0, 1.0],
                [0.0, -0.0, -1.0, 0.0, 0.952114, 0.305743, 0.0, 0.39386, 0.305743, -0.952114, 0.0, -0.0, 0.0, 0.0, 0.0, 1.0]
            ]
        },
        {
            "name": "Hand_R",
            "time": [0.0, 0.5, 1.0, 1.5, 2.0],
            "transform": [
                [1.0, 0.0, 0.0, -0.0, -0.0, 0.941297, -0.33758, 0.3, -0.0, 0.33758, 0.941297, 0.0, 0.0, 0.0, 0.0, 1.0],
                [1.0, 0.0, 0.0, 0.0, -0.0, 0.941297, -0.33758, 0.3, -0.0, 0.33758, 0.941297, 0.0, 0.0, 0.0, 0.0, 1.0],
                [1.0, 0.0, 0.0, -0.0, -0.0, 0.941297, -0.33758, 0.3, -0.0, 0.33758, 0.941297, -0.0, 0.0, 0.0, 0.0, 1.0],
                [1.0, 0.0, 0.0, 0.0, -0.0, 0.941297, -0.33758, 0.3, -0.0, 0.33758, 0.941297, -0.0, 0.0, 0.0, 0.0, 1.0],
                [1.0, 0.0, 0.0, -0.0, -0.0, 0.941297, -0.33758, 0.3, -0.0, 0.33758, 0.941297, 0.0, 0.0, 0.0, 0.0, 1.0]
            ]
        },
        {
            "name": "Tool_R",
            "time": [0.0, 0.5, 1.0, 1.5, 2.0],
            "transform": [
                [1.0, -0.0, -0.0, -0.0, 0.0, 0.999826, -0.018685, 0.272858, 0.0, 0.018684, 0.999234, 0.0, 0.0, 0.0, 0.0, 1.0],
                [1.0, -0.0, -0.0, 0.0, 0.0, 0.999826, -0.018685, 0.272858, 0.0, 0.018684, 0.999234, 0.0, 0.0, 0.0, 0.0, 1.0],
                [1.0, -0.0, -0.0, 0.0, 0.0, 0.999826, -0.018685, 0.272858, 0.0, 0.018684, 0.999234, -0.0, 0.0, 0.0, 0.0, 1.0],
                [1.0, -0.0, -0.0, 0.0, 0.0, 0.999826, -0.018685, 0.272858, 0.0, 0.018684, 0.999234, -0.0, 0.0, 0.0, 0.0, 1.0],
                [1.0, -0.0, -0.0, -0.0, 0.0, 0.999826, -0.018685, 0.272858, 0.0, 0.018684, 0.999234, 0.0, 0.0, 0.0, 0.0, 1.0]
            ]
        },
        {
            "name": "Elbow_R",
            "time": [0.0, 0.5, 1.0, 1.5, 2.0],
            "transform": [
                [-1.0, 0.0, -0.0, -0.0, 0.0, -0.0, -1.0, 0.342593, -0.0, -1.0, 0.0, 0.0, 0.0, 0.0, 0.0, 1.0],
                [-1.0, 0.0, -0.0, -0.0, 0.0, -0.0, -1.0, 0.342593, -0.0, -1.0, 0.0, 0.0, 0.0, 0.0, 0.0, 1.0],
                [-1.0, 0.0, -0.0, -0.0, 0.0, -0.0, -1.0, 0.342593, -0.0, -1.0, 0.0, 0.0, 0.0, 0.0, 0.0, 1.0],
                [-1.0, 0.0, -0.0, -0.0, 0.0, -0.0, -1.0, 0.342593, -0.0, -1.0, 0.0, -0.0, 0.0, 0.0, 0.0, 1.0],
                [-1.0, 0.0, -0.0, -0.0, 0.0, -0.0, -1.0, 0.342593, -0.0, -1.0, 0.0, 0.0, 0.0, 0.0, 0.0, 1.0]
            ]
        },
        {
            "name": "Shoulder_L",
            "time": [0.0, 0.5, 1.0, 1.5, 2.0],
            "transform": [
                [0.0, -0.952114, -0.305743, 0.0, 0.0, -0.305743, 0.952114, 0.4, -1.0, 0.0, 0.0, -0.0, 0.0, 0.0, 0.0, 1.0],
                [0.0, -0.952114, -0.305743, -0.0, 0.0, -0.305743, 0.952114, 0.4, -1.0, -0.0, 0.0, 0.0, 0.0, 0.0, 0.0, 1.0],
                [0.0, -0.952114, -0.305743, 0.0, 0.0, -0.305743, 0.952114, 0.4, -1.0, 0.0, 0.0, -0.0, 0.0, 0.0, 0.0, 1.0],
                [0.0, -0.952114, -0.305743, -0.0, 0.0, -0.305743, 0.952114, 0.4, -1.0, 0.0, 0.0, 0.0, 0.0, 0.0, 0.0, 1.0],
                [0.0, -0.952114, -0.305743, 0.0, 0.0, -0.305743, 0.952114, 0.4, -1.0, 0.0, 0.0, -0.0, 0.0, 0.0, 0.0, 1.0]
            ]
        },
        {
            "name": "Arm_L",
            "time": [0.0, 1.0, 2.0],
            "transform": [
                [-0.073433, -0.391938, 0.917056, 0.0, -0.884197, 0.450924, 0.121917, 0.39386, -0.461307, -0.801905, -0.379663, -0.0, 0.0, 0.0, 0.0, 1.0],
                [-0.073433, -0.564038, 0.822477, 0.0, -0.884197, 0.418292, 0.207913, 0.39386, -0.461307, -0.711964, -0.529437, -0.0, 0.0, 0.0, 0.0, 1.0],
                [-0.073433, -0.391938, 0.917056, 0.0, -0.884197, 0.450924, 0.121917, 0.39386, -0.461307, -0.801905, -0.379663, -0.0, 0.0, 0.0, 0.0, 1.0]
            ]
        },
        {
            "name": "Hand_L",
            "time": [0.0, 0.5, 1.0, 1.5, 2.0],
            "transform": [
                [1.0, 0.0, 0.0, 0.0, -0.0, 0.922582, -0.3858, 0.3, -0.0, 0.3858, 0.922582, -0.0, 0.0, 0.0, 0.0, 1.0],
                [1.0, 0.0, 0.0, -0.0, -0.0, 0.922582, -0.3858, 0.3, -0.0, 0.3858, 0.922582, -0.0, 0.0, 0.0, 0.0, 1.0],
                [1.0, 0.0, 0.0, 0.0, -0.0, 0.922582, -0.3858, 0.3, 0.0, 0.3858, 0.922582, -0.0, 0.0, 0.0, 0.0, 1.0],
                [1.0, 0.0, 0.0, -0.0, -0.0, 0.922582, -0.385801, 0.3, -0.0, 0.385801, 0.922582, -0.0, 0.0, 0.0, 0.0, 1.0],
                [1.0, 0.0, 0.0, 0.0, -0.0, 0.922582, -0.3858, 0.3, -0.0, 0.3858, 0.922582, -0.0, 0.0, 0.0, 0.0, 1.0]
            ]
        },
        {
            "name": "Tool_L",
            "time": [0.0, 0.5, 1.0, 1.5, 2.0],
            "transform": [
                [1.0, -0.0, 0.0, -0.0, 0.0, -0.909454, -0.415804, 0.272858, 0.0, 0.41555, -0.908924, 0.0, 0.0, 0.0, 0.0, 1.0],
                [1.0, -0.0, 0.0, -0.0, 0.0, -0.909454, -0.415804, 0.272858, 0.0, 0.41555, -0.908924, 0.0, 0.0, 0.0, 0.0, 1.0],
                [1.0, -0.0, 0.0, -0.0, 0.0, -0.909454, -0.415804, 0.272858, 0.0, 0.41555, -0.908924, 0.0, 0.0, 0.0, 0.0, 1.0],
                [1.0, -0.0, 0.0, -0.0, 0.0, -0.909454, -0.415804, 0.272858, 0.0, 0.41555, -0.908924, -0.0, 0.0, 0.0, 0.0, 1.0],
                [1.0, -0.0, 0.0, -0.0, 0.0, -0.909454, -0.415804, 0.272858, 0.0, 0.41555, -0.908924, 0.0, 0.0, 0.0, 0.0, 1.0]
            ]
        },
        {
            "name": "Elbow_L",
            "time": [0.0, 0.5, 1.0, 1.5, 2.0],
            "transform": [
                [-1.0, 0.0, -0.0, 0.0, 0.0, -0.0, -1.0, 0.347441, -0.0, -1.0, -0.0, -0.0, 0.0, 0.0, 0.0, 1.0],
                [-1.0, 0.0, -0.0, -0.0, 0.0, 0.0, -1.0, 0.347441, -0.0, -1.0, -0.0, 0.0, 0.0, 0.0, 0.0, 1.0],
                [-1.0, 0.0, 0.0, -0.0, 0.0, 0.0, -1.0, 0.347441, -0.0, -1.0, -0.0, -0.0, 0.0, 0.0, 0.0, 1.0],
                [-1.0, 0.0, -0.0, -0.0, 0.0, -0.0, -1.0, 0.347441, -0.0, -1.0, 0.0, -0.0, 0.0, 0.0, 0.0, 1.0],
                [-1.0, 0.0, -0.0, 0.0, 0.0, -0.0, -1.0, 0.347441, -0.0, -1.0, -0.0, -0.0, 0.0, 0.0, 0.0, 1.0]
            ]
        }
    ]
}