{
    "animation": [
        {
            "name": "Root",
            "time": [0.0, 0.8333, 1.6667, 2.5, 3.3333],
            "transform": [
                [1.0, 0.0, 0.0, -5e-06, 0.0, 0.0, -1.0, 0.000946, 0.0, 1.0, 0.0, 1.08491, 0.0, 0.0, 0.0, 1.0],
                [1.0, 0.0, 0.0, -5e-06, 0.0, 0.0, -1.0, 0.000946, 0.0, 1.0, 0.0, 1.000223, 0.0, 0.0, 0.0, 1.0],
                [1.0, 0.0, 0.0, -5e-06, 0.0, 0.0, -1.0, 0.000946, 0.0, 1.0, 0.0, 1.203967, 0.0, 0.0, 0.0, 1.0],
                [1.0, 0.0, 0.0, -5e-06, 0.0, 0.0, -1.0, 0.000946, 0.0, 1.0, 0.0, 0.993412, 0.0, 0.0, 0.0, 1.0],
                [1.0, 0.0, 0.0, -5e-06, 0.0, 0.0, -1.0, 0.000946, 0.0, 1.0, 0.0, 1.1059, 0.0, 0.0, 0.0, 1.0]
            ]
        },
        {
            "name": "Thigh_R",
            "time": [0.0, 0.2917, 0.4583, 0.8333, 1.25, 1.6667, 1.8333, 2.0833, 2.375, 2.5, 2.5417, 3.3333],
            "transform": [
                [1.0, -0.0, 0.0, 0.124994, 0.0, -0.899727, 0.43645, -0.002831, 0.0, -0.436449, -0.899729, -1.2e-05, 0.0, 0.0, 0.0, 1.0],
                [1.0, -0.0, 0.0, 0.124994, 0.0, -0.81601, 0.578035, -0.002831, 0.0, -0.578034, -0.816012, -1.2e-05, 0.0, 0.0, 0.0, 1.0],
                [1.0, -0.0, 0.0, 0.124994, 0.0, -0.732424, 0.680848, -0.002831, 0.0, -0.680846, -0.732426, -1.2e-05, 0.0, 0.0, 0.0, 1.0],
                [1.0, -0.0, 0.0, 0.124994, 0.0, -0.858284, 0.513172, -0.002831, 0.0, -0.51317, -0.858286, -1.2e-05, 0.0, 0.0, 0.0, 1.0],
                [1.0, -0.0, -0.0, 0.124994, -0.0, -0.999955, -0.009293, -0.002831, -0.0, 0.009294, -0.999957, -1.2e-05, 0.0, 0.0, 0.0, 1.0],
                [1.0, -0.0, -0.0, 0.124994, -0.0, -0.84468, -0.535269, -0.002831, -0.0, 0.535268, -0.844682, -1.2e-05, 0.0, 0.0, 0.0, 1.0],
                [1.0, -0.0, -0.0, 0.124994, -0.0, -0.802772, -0.596283, -0.002831, -0.0, 0.596283, -0.802774, -1.2e-05, 0.0, 0.0, 0.0, 1.0],
                [1.0, -0.0, -0.0, 0.124994, 0.0, -0.899727, 0.43645, -0.002831, -0.0, -0.436449, -0.899729, -1.2e-05, 0.0, 0.0, 0.0, 1.0],
                [1.0, -0.0, -0.0, 0.124994, 0.0, -0.81601, 0.578035, -0.002831, -0.0, -0.578034, -0.816012, -1.2e-05, 0.0, 0.0, 0.0, 1.0],
                [1.0, -0.0, 0.0, 0.124994, 0.0, -0.742252, 0.670119, -0.002831, -0.0, -0.670117, -0.742254, -1.2e-05, 0.0, 0.0, 0.0, 1.0],
                [1.0, -0.0, 0.0, 0.124994, 0.0, -0.732424, 0.680848, -0.002831, -0.0, -0.680846, -0.732426, -1.2e-05, 0.0, 0.0, 0.0, 1.0],
                [1.0, -0.0, -0.0, 0.124994, 0.0, -0.999955, -0.009293, -0.002831, -0.0, 0.009294, -0.999957, -1.2e-05, 0.0, 0.0, 0.0, 1.0]
            ]
        },
        {
            "name": "Leg_R",
            "time": [0.0, 0.4583, 0.8333, 1.25, 1.6667, 2.0833, 2.5, 2.5417, 3.3333],
            "transform": [
                [1.0, -0.0, 1e-06, 0.0, -0.0, 0.68478, 0.72875, 0.37472, -1e-06, -0.728751, 0.684779, 0.0, 0.0, 0.0, 0.0, 1.0],
                [1.0, -0.0, 1e-06, 0.0, -0.0, 0.920695, 0.390285, 0.37472, -1e-06, -0.390285, 0.920694, -0.0, 0.0, 0.0, 0.0, 1.0],
                [1.0, 0.0, 1e-06, 0.0, -0.0, 0.987997, 0.154476, 0.37472, -1e-06, -0.154476, 0.987996, -0.0, 0.0, 0.0, 0.0, 1.0],
                [1.0, 0.0, 1e-06, 0.0, -0.0, 0.994883, 0.101043, 0.37472, -1e-06, -0.101043, 0.994881, 0.0, 0.0, 0.0, 0.0, 1.0],
                [1.0, -0.0, 1e-06, 0.0, -0.0, 0.896561, 0.442922, 0.37472, -1e-06, -0.442923, 0.896559, 0.0, 0.0, 0.0, 0.0, 1.0],
                [1.0, -0.0, 1e-06, 0.0, -0.0, 0.68478, 0.72875, 0.37472, -1e-06, -0.728751, 0.684779, -0.0, 0.0, 0.0, 0.0, 1.0],
                [1.0, -0.0, 1e-06, 0.0, -0.0, 0.902123, 0.431481, 0.37472, -1e-06, -0.431481, 0.902121, -0.0, 0.0, 0.0, 0.0, 1.0],
                [1.0, -0.0, 1e-06, 0.0, -0.0, 0.920695, 0.390285, 0.37472, -1e-06, -0.390285, 0.920694, -0.0, 0.0, 0.0, 0.0, 1.0],
                [1.0, 0.0, 1e-06, 0.0, -0.0, 0.994883, 0.101043, 0.37472, -1e-06, -0.101043, 0.994881, 0.0, 0.0, 0.0, 0.0, 1.0]
            ]
        },
        {
            "name": "Knee_R",
            "time": [0.0, 0.8333, 1.6667, 2.5, 3.3333],
            "transform": [
                [1.0, 0.0, -0.0, 0.0, -0.0, 1e-06, -1.0, 0.405487, -0.0, 1.0, 1e-06, -0.0, 0.0, 0.0, 0.0, 1.0],
                [1.0, 0.0, -0.0, 0.0, -0.0, 1e-06, -1.0, 0.37472, -0.0, 1.0, 1e-06, -0.0, 0.0, 0.0, 0.0, 1.0],
                [1.0, 0.0, -0.0, -0.0, -0.0, 1e-06, -1.0, 0.37472, -0.0, 1.0, 1e-06, 0.0, 0.0, 0.0, 0.0, 1.0],
                [1.0, 0.0, -0.0, 0.0, -0.0, 1e-06, -1.0, 0.37472, -0.0, 1.0, 1e-06, -0.0, 0.0, 0.0, 0.0, 1.0],
                [1.0, 0.0, -0.0, -0.0, -0.0, 1e-06, -1.0, 0.37472, -0.0, 1.0, 1e-06, 0.0, 0.0, 0.0, 0.0, 1.0]
            ]
        },
        {
            "name": "Thigh_L",
            "time": [0.0, 0.2917, 0.4583, 0.8333, 1.25, 1.6667, 1.8333, 2.375, 2.5, 2.5417, 3.3333],
            "transform": [
                [1.0, -0.0, -0.0, -0.125006, 0.0, -0.899727, 0.43645, -0.002831, -0.0, -0.436449, -0.899729, -1.2e-05, 0.0, 0.0, 0.0, 1.0],
                [1.0, -0.0, -0.0, -0.125006, 0.0, -0.974975, -0.222306, -0.002831, -0.0, 0.222306, -0.974977, -1.2e-05, 0.0, 0.0, 0.0, 1.0],
                [1.0, -0.0, -0.0, -0.125006, 0.0, -0.871346, -0.490665, -0.002831, -0.0, 0.490665, -0.871348, -1.2e-05, 0.0, 0.0, 0.0, 1.0],
                [1.0, -0.0, -0.0, -0.125006, -0.0, -0.998154, 0.060692, -0.002831, -0.0, -0.060691, -0.998157, -1.2e-05, 0.0, 0.0, 0.0, 1.0],
                [1.0, -1e-06, 0.0, -0.125006, -0.0, -0.74232, 0.670044, -0.002831, -0.0, -0.670042, -0.742322, -1.2e-05, 0.0, 0.0, 0.0, 1.0],
                [1.0, -1e-06, 0.0, -0.125006, -0.0, -0.798384, 0.602147, -0.002831, -0.0, -0.602145, -0.798386, -1.2e-05, 0.0, 0.0, 0.0, 1.0],
                [1.0, -1e-06, 0.0, -0.125006, -0.0, -0.85347, 0.521139, -0.002831, -0.0, -0.521138, -0.853472, -1.2e-05, 0.0, 0.0, 0.0, 1.0],
                [1.0, -0.0, 0.0, -0.125006, 0.0, -0.974975, -0.222306, -0.002831, 0.0, 0.222306, -0.974977, -1.2e-05, 0.0, 0.0, 0.0, 1.0],
                [1.0, -0.0, 0.0, -0.125006, 0.0, -0.884967, -0.46565, -0.002831, 0.0, 0.46565, -0.884969, -1.2e-05, 0.0, 0.0, 0.0, 1.0],
                [1.0, -0.0, 0.0, -0.125006, 0.0, -0.871346, -0.490665, -0.002831, 0.0, 0.490665, -0.871348, -1.2e-05, 0.0, 0.0, 0.0, 1.0],
                [1.0, 0.0, 0.0, -0.125006, 0.0, -0.74232, 0.670044, -0.002831, 0.0, -0.670042, -0.742322, -1.2e-05, 0.0, 0.0, 0.0, 1.0]
            ]
        },
        {
            "name": "Leg_L",
            "time": [0.0, 0.2917, 0.4583, 0.8333, 1.25, 1.375, 1.5417, 1.6667, 1.8333, 2.0833, 2.25, 2.5, 3.0417, 3.1667, 3.3333],
            "transform": [
                [1.0, -0.0, 1e-06, -0.0, -0.0, 0.68478, 0.72875, 0.37472, -1e-06, -0.728751, 0.684779, 0.0, 0.0, 0.0, 0.0, 1.0],
                [1.0, -0.0, 1e-06, -0.0, -0.0, 0.843384, 0.537311, 0.37472, -1e-06, -0.537312, 0.843383, -0.0, 0.0, 0.0, 0.0, 1.0],
                [1.0, 0.0, 1e-06, -0.0, -0.0, 0.992266, 0.12414, 0.37472, -1e-06, -0.12414, 0.992264, 0.0, 0.0, 0.0, 0.0, 1.0],
                [1.0, -0.0, 1e-06, -0.0, -0.0, 0.689075, 0.72469, 0.37472, -1e-06, -0.724691, 0.689074, 0.0, 0.0, 0.0, 0.0, 1.0],
                [1.0, -1e-06, 0.0, 0.0, -0.0, -0.04968, 0.998764, 0.37472, -1e-06, -0.998766, -0.04968, 0.0, 0.0, 0.0, 0.0, 1.0],
                [1.0, -1e-06, 1e-06, -0.0, -0.0, 0.403827, 0.914835, 0.37472, -1e-06, -0.914836, 0.403826, 0.0, 0.0, 0.0, 0.0, 1.0],
                [1.0, -0.0, 1e-06, -0.0, -0.0, 0.68424, 0.729257, 0.37472, -1e-06, -0.729258, 0.684239, -0.0, 0.0, 0.0, 0.0, 1.0],
                [1.0, -0.0, 1e-06, 0.0, -0.0, 0.845297, 0.534297, 0.37472, -1e-06, -0.534298, 0.845296, -0.0, 0.0, 0.0, 0.0, 1.0],
                [1.0, 0.0, 1e-06, 0.0, -0.0, 0.979526, 0.201321, 0.37472, -1e-06, -0.201321, 0.979524, 0.0, 0.0, 0.0, 0.0, 1.0],
                [1.0, -0.0, 1e-06, 0.0, -0.0, 0.843384, 0.537311, 0.37472, -1e-06, -0.537312, 0.843383, 0.0, 0.0, 0.0, 0.0, 1.0],
                [1.0, 0.0, 1e-06, 0.0, -0.0, 0.992265, 0.12414, 0.37472, -1e-06, -0.12414, 0.992264, 0.0, 0.0, 0.0, 0.0, 1.0],
                [1.0, -0.0, 1e-06, 0.0, -0.0, 0.894233, 0.447602, 0.37472, -1e-06, -0.447603, 0.894232, -0.0, 0.0, 0.0, 0.0, 1.0],
                [1.0, -1e-06, 0.0, 0.0, -0.0, -0.04968, 0.998764, 0.37472, -1e-06, -0.998766, -0.04968, -0.0, 0.0, 0.0, 0.0, 1.0],
                [1.0, -1e-06, 1e-06, 0.0, -0.0, 0.403827, 0.914835, 0.37472, -1e-06, -0.914836, 0.403826, -0.0, 0.0, 0.0, 0.0, 1.0],
                [1.0, -0.0, 1e-06, 0.0, -0.0, 0.68424, 0.729257, 0.37472, -1e-06, -0.729258, 0.684239, -0.0, 0.0, 0.0, 0.0, 1.0]
            ]
        },
        {
            "name": "Knee_L",
            "time": [0.0, 0.8333, 1.6667, 2.5, 3.3333],
            "transform": [
                [1.0, 0.0, -0.0, -0.0, -0.0, 1e-06, -1.0, 0.405487, -0.0, 1.0, 1e-06, 0.0, 0.0, 0.0, 0.0, 1.0],
                [1.0, 0.0, -0.0, 0.0, -0.0, 1e-06, -1.0, 0.404866, -0.0, 1.0, 1e-06, -0.0, 0.0, 0.0, 0.0, 1.0],
                [1.0, 0.0, -0.0, 0.0, -0.0, 1e-06, -1.0, 0.37893, -0.0, 1.0, 1e-06, -0.0, 0.0, 0.0, 0.0, 1.0],
                [1.0, 0.0, -0.0, 0.0, -0.0, 1e-06, -1.0, 0.37472, -0.0, 1.0, 1e-06, -0.0, 0.0, 0.0, 0.0, 1.0],
                [1.0, 0.0, -0.0, 0.0, -0.0, 1e-06, -1.0, 0.405564, -0.0, 1.0, 1e-06, -0.0, 0.0, 0.0, 0.0, 1.0]
            ]
        },
        {
            "name": "Torso",
            "time": [0.0, 0.8333, 1.6667, 2.5, 3.3333],
            "transform": [
                [1.0, 0.0, 0.0, 0.0, 0.0, 1.0, 0.0, 0.05, 0.0, 0.0, 1.0, 0.0, 0.0, 0.0, 0.0, 1.0],
                [1.0, 0.0, 0.0, 0.0, 0.0, 1.0, 0.0, 0.05, 0.0, 0.0, 1.0, 0.0, 0.0, 0.0, 0.0, 1.0],
                [1.0, 0.0, 0.0, 0.0, 0.0, 1.0, 0.0, 0.05, 0.0, 0.0, 1.0, 0.0, 0.0, 0.0, 0.0, 1.0],
                [1.0, 0.0, 0.0, 0.0, 0.0, 1.0, 0.0, 0.05, 0.0, 0.0, 1.0, 0.0, 0.0, 0.0, 0.0, 1.0],
                [1.0, 0.0, 0.0, 0.0, 0.0, 1.0, 0.0, 0.05, 0.0, 0.0, 1.0, 0.0, 0.0, 0.0, 0.0, 1.0]
            ]
        },
        {
            "name": "Chest",
            "time": [0.0, 0.8333, 1.6667, 2.5, 3.3333],
            "transform": [
                [1.0, 0.0, 0.0, 0.0, 0.0, 1.0, 0.0, 0.3, 0.0, 0.0, 1.0, 0.0, 0.0, 0.0, 0.0, 1.0],
                [1.0, 0.0, 0.0, 0.0, 0.0, 0.999763, 0.021782, 0.3, 0.0, -0.021782, 0.999763, 0.0, 0.0, 0.0, 0.0, 1.0],
                [1.0, 0.0, 0.0, 0.0, 0.0, 0.999051, 0.043554, 0.3, 0.0, -0.043554, 0.999051, 0.0, 0.0, 0.0, 0.0, 1.0],
                [1.0, 0.0, 0.0, 0.0, 0.0, 0.999763, 0.021782, 0.3, 0.0, -0.021782, 0.999763, 0.0, 0.0, 0.0, 0.0, 1.0],
                [1.0, 0.0, 0.0, 0.0, 0.0, 1.0, 0.0, 0.3, 0.0, 0.0, 1.0, 0.0, 0.0, 0.0, 0.0, 1.0]
            ]
        },
        {
            "name": "Head",
            "time": [0.0, 0.625, 0.8333, 1.25, 1.6667, 1.875, 2.5, 3.125, 3.3333],
            "transform": [
                [1.0, 0.0, 0.0, 0.0, 0.0, 1.0, 0.0, 0.4, 0.0, 0.0, 1.0, 0.0, 0.0, 0.0, 0.0, 1.0],
                [1.0, 0.0, 0.0, 0.0, 0.0, 1.0, -0.001025, 0.4, 0.0, 0.001025, 1.0, 0.0, 0.0, 0.0, 0.0, 1.0],
                [1.0, 0.0, 0.0, 0.0, 0.0, 1.0, -0.000759, 0.4, 0.0, 0.000759, 1.0, -0.0, 0.0, 0.0, 0.0, 1.0],
                [1.0, 0.0, 0.0, 0.0, 0.0, 1.0, 0.0, 0.4, 0.0, 0.0, 1.0, -0.0, 0.0, 0.0, 0.0, 1.0],
                [1.0, 0.0, 0.0, 0.0, 0.0, 1.0, -0.000759, 0.4, 0.0, 0.000759, 1.0, -0.0, 0.0, 0.0, 0.0, 1.0],
                [1.0, 0.0, 0.0, 0.0, 0.0, 0.999999, -0.001025, 0.4, 0.0, 0.001025, 0.999999, 0.0, 0.0, 0.0, 0.0, 1.0],
                [1.0, 0.0, 0.0, 0.0, 0.0, 1.0, 0.0, 0.4, 0.0, 0.0, 1.0, -0.0, 0.0, 0.0, 0.0, 1.0],
                [1.0, 0.0, 0.0, -0.0, 0.0, 0.999999, -0.001025, 0.4, 0.0, 0.001025, 0.999999, -0.0, 0.0, 0.0, 0.0, 1.0],
                [1.0, 0.0, 0.0, 0.0, 0.0, 0.999999, -0.001025, 0.4, 0.0, 0.001025, 0.999999, 0.0, 0.0, 0.0, 0.0, 1.0]
            ]
        },
        {
            "name": "Shoulder_R",
            "time": [0.0, 0.8333, 1.6667, 2.5, 3.3333],
            "transform": [
                [0.0, 0.92809, 0.372354, 0.0, 0.0, -0.372354, 0.928091, 0.4, 1.0, 0.0, -0.0, 0.0, 0.0, 0.0, 0.0, 1.0],
                [0.0, 0.92809, 0.372354, 0.0, 0.0, -0.372354, 0.928091, 0.4, 1.0, 0.0, -0.0, -0.0, 0.0, 0.0, 0.0, 1.0],
                [0.0, 0.92809, 0.372354, 0.0, 0.0, -0.372354, 0.928091, 0.4, 1.0, 0.0, -0.0, -0.0, 0.0, 0.0, 0.0, 1.0],
                [0.0, 0.92809, 0.372354, 0.0, 0.0, -0.372354, 0.928091, 0.4, 1.0, 0.0, -0.0, -0.0, 0.0, 0.0, 0.0, 1.0],
                [0.0, 0.92809, 0.372354, 0.0, 0.0, -0.372354, 0.928091, 0.4, 1.0, 0.0, -0.0, 0.0, 0.0, 0.0, 0.0, 1.0]
            ]
        },
        {
            "name": "Arm_R",
            "time": [0.0, 0.8333, 1.6667, 2.5, 3.3333],
            "transform": [
                [-0.660172, 0.591865, -0.46246, -0.0, 0.480263, -0.140776, -0.865754, 0.393861, -0.577513, -0.793648, -0.191315, -0.0, 0.0, 0.0, 0.0, 1.0],
                [-0.660171, 0.626621, -0.414149, 0.0, 0.480263, -0.07179, -0.874182, 0.393861, -0.577513, -0.77601, -0.25355, 0.0, 0.0, 0.0, 0.0, 1.0],
                [-0.660172, 0.657444, -0.363238, 0.0, 0.480263, -0.002354, -0.877121, 0.393861, -0.577513, -0.7535, -0.314192, -0.0, 0.0, 0.0, 0.0, 1.0],
                [-0.660172, 0.626621, -0.414149, -0.0, 0.480263, -0.07179, -0.874182, 0.393861, -0.577513, -0.77601, -0.25355, -0.0, 0.0, 0.0, 0.0, 1.0],
                [-0.660172, 0.591865, -0.46246, -0.0, 0.480263, -0.140776, -0.865754, 0.39386, -0.577513, -0.793648, -0.191315, -0.0, 0.0, 0.0, 0.0, 1.0]
            ]
        },
        {
            "name": "Hand_R",
            "time": [0.0, 0.8333, 1.6667, 2.5, 3.3333],
            "transform": [
                [1.0, 0.0, 0.0, -0.0, 0.0, 0.854036, -0.520215, 0.3, -0.0, 0.520215, 0.854035, -0.0, 0.0, 0.0, 0.0, 1.0],
                [1.0, 0.0, 0.0, 0.0, -0.0, 0.854036, -0.520215, 0.3, -0.0, 0.520215, 0.854035, -0.0, 0.0, 0.0, 0.0, 1.0],
                [1.0, 0.0, 0.0, 0.0, -0.0, 0.854035, -0.520215, 0.3, -0.0, 0.520215, 0.854035, 0.0, 0.0, 0.0, 0.0, 1.0],
                [1.0, 0.0, 0.0, 0.0, -0.0, 0.854035, -0.520215, 0.3, -0.0, 0.520215, 0.854035, 0.0, 0.0, 0.0, 0.0, 1.0],
                [1.0, 0.0, 0.0, 0.0, 0.0, 0.854036, -0.520215, 0.3, -0.0, 0.520215, 0.854035, -0.0, 0.0, 0.0, 0.0, 1.0]
            ]
        },
        {
            "name": "Tool_R",
            "time": [0.0, 0.8333, 1.6667, 2.5, 3.3333],
            "transform": [
                [1.0, 0.0, -0.0, -0.0, 0.0, 0.671591, 0.740922, 0.272858, 0.0, -0.740476, 0.671201, 0.0, 0.0, 0.0, 0.0, 1.0],
                [1.0, 0.0, -0.0, 0.0, 0.0, 0.671591, 0.740922, 0.272858, 0.0, -0.740476, 0.671201, 0.0, 0.0, 0.0, 0.0, 1.0],
                [1.0, 0.0, -0.0, -0.0, 0.0, 0.671591, 0.740922, 0.272858, 0.0, -0.740476, 0.671201, -0.0, 0.0, 0.0, 0.0, 1.0],
                [1.0, 0.0, -0.0, -0.0, 0.0, 0.671591, 0.740923, 0.272858, 0.0, -0.740477, 0.671201, -0.0, 0.0, 0.0, 0.0, 1.0],
                [1.0, 0.0, -0.0, -0.0, 0.0, 0.671591, 0.740922, 0.272858, 0.0, -0.740476, 0.671201, 0.0, 0.0, 0.0, 0.0, 1.0]
            ]
        },
        {
            "name": "Elbow_R",
            "time": [0.0, 0.8333, 1.6667, 2.5, 3.3333],
            "transform": [
                [-1.0, 0.0, 0.0, -0.0, -0.0, -0.0, -1.0, 0.361593, -0.0, -1.0, 0.0, -0.0, 0.0, 0.0, 0.0, 1.0],
                [-1.0, 0.0, -0.0, -0.0, 0.0, -0.0, -1.0, 0.361594, -0.0, -1.0, 0.0, -0.0, 0.0, 0.0, 0.0, 1.0],
                [-1.0, 0.0, 0.0, 0.0, -0.0, 0.0, -1.0, 0.361593, -0.0, -1.0, 0.0, -0.0, 0.0, 0.0, 0.0, 1.0],
                [-1.0, 0.0, 0.0, 0.0, -0.0, -0.0, -1.0, 0.361594, -0.0, -1.0, 0.0, 0.0, 0.0, 0.0, 0.0, 1.0],
                [-1.0, 0.0, 0.0, -0.0, -0.0, -0.0, -1.0, 0.361594, -0.0, -1.0, 0.0, -0.0, 0.0, 0.0, 0.0, 1.0]
            ]
        },
        {
            "name": "Shoulder_L",
            "time": [0.0, 0.8333, 1.6667, 2.5, 3.3333],
            "transform": [
                [-0.0, -0.952114, -0.305743, 0.0, 0.0, -0.305743, 0.952114, 0.4, -1.0, 0.0, 0.0, 0.0, 0.0, 0.0, 0.0, 1.0],
                [-0.0, -0.952114, -0.305743, 0.0, 0.0, -0.305743, 0.952114, 0.4, -1.0, 0.0, 0.0, -0.0, 0.0, 0.0, 0.0, 1.0],
                [-0.0, -0.952114, -0.305743, 0.0, 0.0, -0.305743, 0.952114, 0.4, -1.0, -0.0, 0.0, -0.0, 0.0, 0.0, 0.0, 1.0],
                [-0.0, -0.952114, -0.305743, 0.0, 0.0, -0.305743, 0.952114, 0.4, -1.0, 0.0, 0.0, -0.0, 0.0, 0.0, 0.0, 1.0],
                [-0.0, -0.952114, -0.305743, 0.0, 0.0, -0.305743, 0.952114, 0.4, -1.0, 0.0, 0.0, 0.0, 0.0, 0.0, 0.0, 1.0]
            ]
        },
        {
            "name": "Arm_L",
            "time": [0.0, 0.8333, 1.6667, 2.5, 3.3333],
            "transform": [
                [-0.0, -0.195058, 0.980792, -0.0, -0.822277, 0.558155, 0.111005, 0.39386, -0.569087, -0.806483, -0.160392, -0.0, 0.0, 0.0, 0.0, 1.0],
                [-0.0, -0.195058, 0.980792, -0.0, -0.822277, 0.558155, 0.111005, 0.39386, -0.569087, -0.806483, -0.160392, 0.0, 0.0, 0.0, 0.0, 1.0],
                [-0.0, -0.195058, 0.980792, 0.0, -0.822277, 0.558155, 0.111005, 0.39386, -0.569087, -0.806483, -0.160392, -0.0, 0.0, 0.0, 0.0, 1.0],
                [-0.0, -0.195058, 0.980792, -0.0, -0.822277, 0.558155, 0.111005, 0.39386, -0.569087, -0.806483, -0.160392, 0.0, 0.0, 0.0, 0.0, 1.0],
                [-0.0, -0.195058, 0.980792, 0.0, -0.822277, 0.558155, 0.111005, 0.39386, -0.569087, -0.806483, -0.160392, -0.0, 0.0, 0.0, 0.0, 1.0]
            ]
        },
        {
            "name": "Hand_L",
            "time": [0.0, 0.8333, 1.6667, 2.5, 3.3333],
            "transform": [
                [1.0, 0.0, 0.0, 0.0, -0.0, 0.966866, -0.255283, 0.3, -0.0, 0.255283, 0.966866, -0.0, 0.0, 0.0, 0.0, 1.0],
                [1.0, 0.0, 0.0, -0.0, -0.0, 0.966866, -0.255283, 0.3, -0.0, 0.255283, 0.966866, -0.0, 0.0, 0.0, 0.0, 1.0],
                [1.0, 0.0, 0.0, -0.0, -0.0, 0.966866, -0.255283, 0.3, -0.0, 0.255283, 0.966866, 0.0, 0.0, 0.0, 0.0, 1.0],
                [1.0, 0.0, 0.0, -0.0, -0.0, 0.966866, -0.255283, 0.3, -0.0, 0.255283, 0.966866, -0.0, 0.0, 0.0, 0.0, 1.0],
                [1.0, 0.0, 0.0, 0.0, -0.0, 0.966866, -0.255283, 0.3, -0.0, 0.255283, 0.966866, 0.0, 0.0, 0.0, 0.0, 1.0]
            ]
        },
        {
            "name": "Tool_L",
            "time": [0.0, 0.8333, 1.6667, 2.5, 3.3333],
            "transform": [
                [1.0, -0.0, 0.0, -0.0, -0.0, -0.909454, -0.415804, 0.272858, 0.0, 0.41555, -0.908924, 0.0, 0.0, 0.0, 0.0, 1.0],
                [1.0, -0.0, 0.0, 0.0, 0.0, -0.909454, -0.415804, 0.272858, 0.0, 0.41555, -0.908924, -0.0, 0.0, 0.0, 0.0, 1.0],
                [1.0, -0.0, 0.0, -0.0, -0.0, -0.909454, -0.415804, 0.272858, 0.0, 0.41555, -0.908924, -0.0, 0.0, 0.0, 0.0, 1.0],
                [1.0, -0.0, 0.0, 0.0, 0.0, -0.909454, -0.415804, 0.272858, 0.0, 0.41555, -0.908924, 0.0, 0.0, 0.0, 0.0, 1.0],
                [1.0, -0.0, 0.0, -0.0, -0.0, -0.909454, -0.415804, 0.272858, 0.0, 0.41555, -0.908924, 0.0, 0.0, 0.0, 0.0, 1.0]
            ]
        },
        {
            "name": "Elbow_L",
            "time": [0.0, 0.8333, 1.6667, 2.5, 3.3333],
            "transform": [
                [-1.0, 0.0, -0.0, 0.0, 0.0, -0.0, -1.0, 0.334515, -0.0, -1.0, -0.0, 0.0, 0.0, 0.0, 0.0, 1.0],
                [-1.0, 0.0, -0.0, -0.0, 0.0, -0.0, -1.0, 0.334515, -0.0, -1.0, -0.0, -0.0, 0.0, 0.0, 0.0, 1.0],
                [-1.0, 0.0, -0.0, 0.0, -0.0, -0.0, -1.0, 0.334515, -0.0, -1.0, -0.0, -0.0, 0.0, 0.0, 0.0, 1.0],
                [-1.0, 0.0, -0.0, -0.0, 0.0, -0.0, -1.0, 0.334515, -0.0, -1.0, -0.0, -0.0, 0.0, 0.0, 0.0, 1.0],
                [-1.0, 0.0, -0.0, -0.0, 0.0, -0.0, -1.0, 0.334515, -0.0, -1.0, -0.0, -0.0, 0.0, 0.0, 0.0, 1.0]
            ]
        }
    ]
}