{
    "animation": [
        {
            "name": "Root",
            "time": [0.0, 0.25, 1.1667, 1.3333],
            "transform": [
                [1.0, 0.0, 0.0, -5e-06, 0.0, 0.0, -1.0, 0.000946, 0.0, 1.0, 0.0, 0.794458, 0.0, 0.0, 0.0, 1.0],
                [1.0, 0.0, 0.0, -5e-06, 0.0, 0.0, -1.0, 0.000946, 0.0, 1.0, 0.0, 0.794458, 0.0, 0.0, 0.0, 1.0],
                [1.0, 0.0, 0.0, -5e-06, 0.0, 0.0, -1.0, 0.000946, 0.0, 1.0, 0.0, 0.794458, 0.0, 0.0, 0.0, 1.0],
                [1.0, 0.0, 0.0, -5e-06, 0.0, 0.0, -1.0, 0.000946, 0.0, 1.0, 0.0, 0.972324, 0.0, 0.0, 0.0, 1.0]
            ]
        },
        {
            "name": "Thigh_R",
            "time": [0.0, 0.25, 1.1667, 1.25, 1.3333],
            "transform": [
                [0.951776, 0.106569, 0.287689, 0.124994, -0.0, -0.937727, 0.347366, -0.002831, 0.306793, -0.330614, -0.892509, -1.2e-05, 0.0, 0.0, 0.0, 1.0],
                [0.951776, 0.106569, 0.287689, 0.124994, -0.0, -0.937727, 0.347366, -0.002831, 0.306793, -0.330614, -0.892509, -1.2e-05, 0.0, 0.0, 0.0, 1.0],
                [0.75795, 0.248306, 0.603204, 0.124994, -0.137685, -0.842982, 0.520019, -0.002831, 0.637615, -0.4772, -0.604753, -1.2e-05, 0.0, 0.0, 0.0, 1.0],
                [0.752796, 0.251688, 0.608236, 0.124994, -0.141131, -0.840812, 0.522604, -0.002831, 0.642946, -0.479254, -0.59744, -1.2e-05, 0.0, 0.0, 0.0, 1.0],
                [0.752796, 0.251688, 0.608236, 0.124994, -0.141131, -0.840812, 0.522604, -0.002831, 0.642946, -0.479254, -0.59744, -1.2e-05, 0.0, 0.0, 0.0, 1.0]
            ]
        },
        {
            "name": "Leg_R",
            "time": [0.0, 0.25, 1.1667, 1.3333],
            "transform": [
                [1.0, -0.0, 1e-06, 0.0, -0.0, 0.940103, 0.340891, 0.37472, -1e-06, -0.340892, 0.940102, -0.0, 0.0, 0.0, 0.0, 1.0],
                [1.0, -0.0, 1e-06, 0.0, -0.0, 0.940103, 0.340891, 0.37472, -1e-06, -0.340892, 0.940102, -0.0, 0.0, 0.0, 0.0, 1.0],
                [1.0, 0.0, 1e-06, 0.0, -0.0, 0.940103, 0.340891, 0.37472, -1e-06, -0.340892, 0.940102, 0.0, 0.0, 0.0, 0.0, 1.0],
                [1.0, -0.0, 1e-06, 0.0, -0.0, 0.940104, 0.340891, 0.37472, -1e-06, -0.340892, 0.940102, 0.0, 0.0, 0.0, 0.0, 1.0]
            ]
        },
        {
            "name": "Knee_R",
            "time": [0.0, 0.25, 1.1667, 1.3333],
            "transform": [
                [1.0, 0.0, -0.0, 0.0, -0.0, 1e-06, -1.0, 0.37472, -0.0, 1.0, 1e-06, -0.0, 0.0, 0.0, 0.0, 1.0],
                [1.0, 0.0, -0.0, 0.0, -0.0, 1e-06, -1.0, 0.37472, -0.0, 1.0, 1e-06, -0.0, 0.0, 0.0, 0.0, 1.0],
                [1.0, 0.0, -0.0, -0.0, -0.0, 1e-06, -1.0, 0.37472, -0.0, 1.0, 1e-06, 0.0, 0.0, 0.0, 0.0, 1.0],
                [1.0, 0.0, -0.0, 0.0, -0.0, 1e-06, -1.0, 0.37472, -0.0, 1.0, 1e-06, 0.0, 0.0, 0.0, 0.0, 1.0]
            ]
        },
        {
            "name": "Thigh_L",
            "time": [0.0, 0.25, 1.1667, 1.25, 1.3333],
            "transform": [
                [0.951776, -0.106569, -0.287689, -0.125006, 0.0, -0.937727, 0.347366, -0.002831, -0.306793, -0.330614, -0.892509, -1.2e-05, 0.0, 0.0, 0.0, 1.0],
                [0.951776, -0.106569, -0.287689, -0.125006, 0.0, -0.937727, 0.347366, -0.002831, -0.306793, -0.330614, -0.892509, -1.2e-05, 0.0, 0.0, 0.0, 1.0],
                [0.905237, -0.207482, -0.370805, -0.125006, 0.011832, -0.860026, 0.510109, -0.002831, -0.424741, -0.466156, -0.776075, -1.2e-05, 0.0, 0.0, 0.0, 1.0],
                [0.904162, -0.209628, -0.372219, -0.125006, 0.012302, -0.858181, 0.513197, -0.002831, -0.427012, -0.468591, -0.773358, -1.2e-05, 0.0, 0.0, 0.0, 1.0],
                [0.904162, -0.209628, -0.372219, -0.125006, 0.012302, -0.858181, 0.513197, -0.002831, -0.427012, -0.468591, -0.773358, -1.2e-05, 0.0, 0.0, 0.0, 1.0]
            ]
        },
        {
            "name": "Leg_L",
            "time": [0.0, 0.25, 1.1667, 1.3333],
            "transform": [
                [1.0, -0.0, 1e-06, 0.0, -0.0, 0.940103, 0.340891, 0.37472, -1e-06, -0.340892, 0.940102, -0.0, 0.0, 0.0, 0.0, 1.0],
                [1.0, -0.0, 1e-06, 0.0, -0.0, 0.940103, 0.340891, 0.37472, -1e-06, -0.340892, 0.940102, -0.0, 0.0, 0.0, 0.0, 1.0],
                [1.0, -0.0, 1e-06, 0.0, -0.0, 0.940103, 0.340891, 0.37472, -1e-06, -0.340892, 0.940102, 0.0, 0.0, 0.0, 0.0, 1.0],
                [1.0, -0.0, 1e-06, 0.0, -0.0, 0.940104, 0.340891, 0.37472, -1e-06, -0.340892, 0.940102, 0.0, 0.0, 0.0, 0.0, 1.0]
            ]
        },
        {
            "name": "Knee_L",
            "time": [0.0, 0.25, 1.1667, 1.3333],
            "transform": [
                [1.0, 0.0, -0.0, -0.0, -0.0, 1e-06, -1.0, 0.37472, -0.0, 1.0, 1e-06, -0.0, 0.0, 0.0, 0.0, 1.0],
                [1.0, 0.0, -0.0, -0.0, -0.0, 1e-06, -1.0, 0.37472, -0.0, 1.0, 1e-06, -0.0, 0.0, 0.0, 0.0, 1.0],
                [1.0, 0.0, -0.0, 0.0, -0.0, 1e-06, -1.0, 0.37472, -0.0, 1.0, 1e-06, -0.0, 0.0, 0.0, 0.0, 1.0],
                [1.0, 0.0, -0.0, -0.0, -0.0, 1e-06, -1.0, 0.37472, -0.0, 1.0, 1e-06, 0.0, 0.0, 0.0, 0.0, 1.0]
            ]
        },
        {
            "name": "Torso",
            "time": [0.0, 0.25, 1.1667, 1.3333],
            "transform": [
                [1.0, 0.0, 0.0, 0.0, 0.0, 1.0, 0.0, 0.05, 0.0, 0.0, 1.0, 0.0, 0.0, 0.0, 0.0, 1.0],
                [1.0, 0.0, 0.0, 0.0, 0.0, 1.0, 0.0, 0.05, 0.0, 0.0, 1.0, 0.0, 0.0, 0.0, 0.0, 1.0],
                [1.0, 0.0, 0.0, 0.0, 0.0, 1.0, 0.0, 0.05, 0.0, 0.0, 1.0, 0.0, 0.0, 0.0, 0.0, 1.0],
                [1.0, 0.0, 0.0, 0.0, 0.0, 1.0, 0.0, 0.05, 0.0, 0.0, 1.0, 0.0, 0.0, 0.0, 0.0, 1.0]
            ]
        },
        {
            "name": "Chest",
            "time": [0.0, 0.1667, 0.25, 0.5, 0.6667, 0.75, 0.8333, 1.0, 1.1667, 1.3333],
            "transform": [
                [1.0, 0.0, 0.0, 0.0, 0.0, 0.984453, -0.175648, 0.3, 0.0, 0.175648, 0.984453, 0.0, 0.0, 0.0, 0.0, 1.0],
                [0.863206, 0.088676, 0.497003, 0.0, 0.104703, 0.931603, -0.34807, 0.3, -0.493875, 0.352494, 0.794881, 0.0, 0.0, 0.0, 0.0, 1.0],
                [0.742248, 0.088676, -0.664232, 0.0, -0.297797, 0.931603, -0.208404, 0.3, 0.600321, 0.352494, 0.717888, 0.0, 0.0, 0.0, 0.0, 1.0],
                [0.742248, 0.497874, -0.448542, 0.0, -0.297798, 0.84468, 0.444784, 0.3, 0.60032, -0.196566, 0.775227, 0.0, 0.0, 0.0, 0.0, 1.0],
                [0.224424, 0.497874, 0.837708, 0.0, -0.344419, 0.84468, -0.409746, 0.3, -0.911597, -0.196566, 0.361044, 0.0, 0.0, 0.0, 0.0, 1.0],
                [0.187761, 0.241002, 0.952189, 0.0, 0.242958, 0.927909, -0.282765, 0.3, -0.951692, 0.284434, 0.115672, 0.0, 0.0, 0.0, 0.0, 1.0],
                [0.993248, 0.00579, 0.115865, 0.0, 0.031582, 0.947536, -0.318084, 0.3, -0.111628, 0.319595, 0.940956, 0.0, 0.0, 0.0, 0.0, 1.0],
                [1.0, 0.0, 0.0, 0.0, 0.0, 1.0, 0.0, 0.3, 0.0, 0.0, 1.0, 0.0, 0.0, 0.0, 0.0, 1.0],
                [1.0, 0.0, 0.0, 0.0, 0.0, 1.0, 0.0, 0.3, 0.0, 0.0, 1.0, 0.0, 0.0, 0.0, 0.0, 1.0],
                [1.0, 0.0, 0.0, 0.0, 0.0, 1.0, 0.0, 0.3, 0.0, 0.0, 1.0, 0.0, 0.0, 0.0, 0.0, 1.0]
            ]
        },
        {
            "name": "Head",
            "time": [0.0, 0.25, 1.0, 1.1667, 1.3333],
            "transform": [
                [1.0, 0.0, 0.0, 0.0, 0.0, 0.978722, -0.205191, 0.4, 0.0, 0.205191, 0.978722, -0.0, 0.0, 0.0, 0.0, 1.0],
                [0.778149, -0.297034, 0.553402, -0.0, 0.128876, 0.937866, 0.322176, 0.4, -0.614715, -0.179381, 0.768081, 0.0, 0.0, 0.0, 0.0, 1.0],
                [1.0, 0.0, 0.0, 0.0, 0.0, 1.0, 0.0, 0.4, 0.0, 0.0, 1.0, 0.0, 0.0, 0.0, 0.0, 1.0],
                [1.0, 0.0, 0.0, 0.0, 0.0, 1.0, 0.0, 0.4, 0.0, 0.0, 1.0, 0.0, 0.0, 0.0, 0.0, 1.0],
                [1.0, 0.0, 0.0, 0.0, 0.0, 1.0, 0.0, 0.4, 0.0, 0.0, 1.0, 0.0, 0.0, 0.0, 0.0, 1.0]
            ]
        },
        {
            "name": "Shoulder_R",
            "time": [0.0, 0.25, 1.1667, 1.3333],
            "transform": [
                [0.0, 0.952114, 0.305743, 0.0, 0.0, -0.305743, 0.952114, 0.4, 1.0, 0.0, -0.0, -0.0, 0.0, 0.0, 0.0, 1.0],
                [0.0, 0.952114, 0.305743, -0.0, 0.0, -0.305743, 0.952114, 0.4, 1.0, 0.0, -0.0, 0.0, 0.0, 0.0, 0.0, 1.0],
                [0.0, 0.952114, 0.305743, 0.0, 0.0, -0.305743, 0.952114, 0.4, 1.0, 0.0, -0.0, 0.0, 0.0, 0.0, 0.0, 1.0],
                [0.0, 0.952114, 0.305743, 0.0, 0.0, -0.305743, 0.952114, 0.4, 1.0, 0.0, -0.0, 0.0, 0.0, 0.0, 0.0, 1.0]
            ]
        },
        {
            "name": "Arm_R",
            "time": [0.0, 0.1667, 0.25, 0.6667, 0.6833, 0.75, 0.8333, 1.1333, 1.1667, 1.3333],
            "transform": [
                [0.0, 0.0, -1.0, 0.0, 0.351144, 0.936322, 0.0, 0.393861, 0.936322, -0.351144, 0.0, 0.0, 0.0, 0.0, 0.0, 1.0],
                [0.247061, -0.05498, -0.967439, 0.0, 0.627646, 0.769726, 0.116542, 0.393861, 0.738256, -0.636002, 0.224677, 0.0, 0.0, 0.0, 0.0, 1.0],
                [0.247061, -0.05498, -0.967439, 0.0, 0.627646, 0.769726, 0.116542, 0.393861, 0.738256, -0.636002, 0.224677, -0.0, 0.0, 0.0, 0.0, 1.0],
                [0.471178, -0.815488, -0.336111, 0.0, 0.509709, 0.562733, -0.65079, 0.393861, 0.719853, 0.135319, 0.680809, 0.0, 0.0, 0.0, 0.0, 1.0],
                [0.471178, -0.815488, -0.336111, -0.0, 0.509709, 0.562733, -0.65079, 0.39386, 0.719853, 0.135319, 0.680809, -0.0, 0.0, 0.0, 0.0, 1.0],
                [0.488329, -0.833367, -0.25891, -0.0, 0.508768, 0.512931, -0.691416, 0.393861, 0.709007, 0.205913, 0.67447, 0.0, 0.0, 0.0, 0.0, 1.0],
                [0.488329, 0.727914, -0.481327, -0.0, 0.508768, 0.210649, 0.834734, 0.39386, 0.709006, -0.652509, -0.267474, 0.0, 0.0, 0.0, 0.0, 1.0],
                [0.644132, 0.59449, -0.481327, -0.0, 0.543794, 0.086638, 0.834734, 0.393861, 0.537943, -0.799422, -0.267474, -0.0, 0.0, 0.0, 0.0, 1.0],
                [0.644132, 0.59449, -0.481327, -0.0, 0.543794, 0.086638, 0.834734, 0.393861, 0.537943, -0.799422, -0.267474, -0.0, 0.0, 0.0, 0.0, 1.0],
                [0.644132, 0.59449, -0.481327, -0.0, 0.543794, 0.086638, 0.834734, 0.393861, 0.537943, -0.799422, -0.267474, -0.0, 0.0, 0.0, 0.0, 1.0]
            ]
        },
        {
            "name": "Hand_R",
            "time": [0.0, 0.1667, 0.25, 0.6667, 0.75, 1.1333, 1.1667, 1.3333],
            "transform": [
                [1.0, 0.0, 0.0, 0.0, -0.0, 0.886773, -0.462206, 0.3, -0.0, 0.462206, 0.886773, 0.0, 0.0, 0.0, 0.0, 1.0],
                [1.0, 0.0, 0.0, -0.0, -0.0, 0.68457, -0.728948, 0.3, -0.0, 0.728948, 0.68457, 0.0, 0.0, 0.0, 0.0, 1.0],
                [1.0, -0.0, 0.0, 0.0, -0.0, 0.68457, -0.728948, 0.3, -0.0, 0.728948, 0.68457, -0.0, 0.0, 0.0, 0.0, 1.0],
                [1.0, 0.0, -0.0, -0.0, -0.0, 0.589239, -0.80796, 0.3, -0.0, 0.807959, 0.589239, -0.0, 0.0, 0.0, 0.0, 1.0],
                [1.0, 0.0, 0.0, 0.0, -0.0, 0.974096, -0.226137, 0.3, -0.0, 0.226137, 0.974096, 0.0, 0.0, 0.0, 0.0, 1.0],
                [1.0, -0.0, 0.0, 0.0, -0.0, 0.92612, -0.377228, 0.3, -0.0, 0.377228, 0.92612, 0.0, 0.0, 0.0, 0.0, 1.0],
                [1.0, -0.0, 0.0, 0.0, -0.0, 0.92612, -0.377228, 0.3, -0.0, 0.377228, 0.92612, 0.0, 0.0, 0.0, 0.0, 1.0],
                [1.0, -0.0, 0.0, -0.0, -0.0, 0.92612, -0.377228, 0.3, -0.0, 0.377228, 0.92612, -0.0, 0.0, 0.0, 0.0, 1.0]
            ]
        },
        {
            "name": "Tool_R",
            "time": [0.0, 0.1667, 0.25, 0.3333, 0.65, 0.6667, 1.1667, 1.3333],
            "transform": [
                [0.0, 0.0, 0.0, 0.0, 0.0, 0.0, 0.0, 0.272858, 0.0, 0.0, 0.0, -0.0, 0.0, 0.0, 0.0, 1.0],
                [0.0, 0.0, 0.0, 3.726757, 0.0, 0.0, 0.0, -0.543544, 0.0, 0.0, 0.0, 6.831944, 0.0, 0.0, 0.0, 1.0],
                [0.0, 0.0, 0.0, 3.010064, 0.0, 0.0, 0.0, -2.003713, 0.0, 0.0, 0.0, 6.421895, 0.0, 0.0, 0.0, 1.0],
                [0.0, 0.0, 0.0, 2.293372, 0.0, 0.0, 0.0, -2.944677, 0.0, 0.0, 0.0, 6.021256, 0.0, 0.0, 0.0, 1.0],
                [0.0, 0.0, 0.0, 2.293372, 0.0, 0.0, 0.0, -2.944678, 0.0, 0.0, 0.0, 6.021257, 0.0, 0.0, 0.0, 1.0],
                [1.0, -0.0, -0.0, -0.0, 0.0, 0.999826, -0.018685, 0.272858, 0.0, 0.018684, 0.999234, -0.0, 0.0, 0.0, 0.0, 1.0],
                [1.0, -0.0, -0.0, 0.0, 0.0, 0.999826, -0.018685, 0.272858, 0.0, 0.018684, 0.999233, 0.0, 0.0, 0.0, 0.0, 1.0],
                [1.0, -0.0, -0.0, -0.0, 0.0, 0.999826, -0.018685, 0.272858, 0.0, 0.018684, 0.999233, 0.0, 0.0, 0.0, 0.0, 1.0]
            ]
        },
        {
            "name": "Elbow_R",
            "time": [0.0, 0.25, 1.1667, 1.3333],
            "transform": [
                [-1.0, 0.0, 0.0, 0.0, 0.0, -0.0, -1.0, 0.35535, -0.0, -1.0, 0.0, 0.0, 0.0, 0.0, 0.0, 1.0],
                [-1.0, 0.0, -0.0, -0.0, 0.0, -0.0, -1.0, 0.386865, -0.0, -1.0, 0.0, -0.0, 0.0, 0.0, 0.0, 1.0],
                [-1.0, 0.0, -0.0, 0.0, 0.0, -0.0, -1.0, 0.346572, -0.0, -1.0, 0.0, 0.0, 0.0, 0.0, 0.0, 1.0],
                [-1.0, 0.0, -0.0, 0.0, 0.0, -0.0, -1.0, 0.346572, -0.0, -1.0, 0.0, 0.0, 0.0, 0.0, 0.0, 1.0]
            ]
        },
        {
            "name": "Shoulder_L",
            "time": [0.0, 0.25, 1.1667, 1.3333],
            "transform": [
                [-0.0, -0.952114, -0.305743, 0.0, 0.0, -0.305743, 0.952114, 0.4, -1.0, 0.0, 0.0, -0.0, 0.0, 0.0, 0.0, 1.0],
                [-0.0, -0.952114, -0.305743, -0.0, 0.0, -0.305743, 0.952114, 0.4, -1.0, 0.0, 0.0, 0.0, 0.0, 0.0, 0.0, 1.0],
                [-0.0, -0.952114, -0.305743, 0.0, 0.0, -0.305743, 0.952114, 0.4, -1.0, 0.0, 0.0, 0.0, 0.0, 0.0, 0.0, 1.0],
                [-0.0, -0.952114, -0.305743, 0.0, 0.0, -0.305743, 0.952114, 0.4, -1.0, 0.0, 0.0, 0.0, 0.0, 0.0, 0.0, 1.0]
            ]
        },
        {
            "name": "Arm_L",
            "time": [0.0, 0.1667, 0.25, 0.3333, 0.5, 0.9, 1.1333, 1.1667, 1.25, 1.3333],
            "transform": [
                [-0.0, 0.0, 1.0, 0.0, -0.351143, 0.936322, -0.0, 0.39386, -0.936322, -0.351143, -0.0, 0.0, 0.0, 0.0, 0.0, 1.0],
                [-0.0, -0.43203, 0.901859, 0.0, -0.351144, 0.84443, 0.404519, 0.39386, -0.936322, -0.316682, -0.151705, 0.0, 0.0, 0.0, 0.0, 1.0],
                [0.001227, -0.144595, 0.98949, 0.0, -0.294323, 0.94561, 0.138548, 0.39386, -0.955705, -0.291399, -0.041397, -0.0, 0.0, 0.0, 0.0, 1.0],
                [-0.081866, 0.329431, 0.940624, -0.0, -0.184769, 0.922414, -0.339135, 0.39386, -0.979366, -0.201561, -0.014646, 0.0, 0.0, 0.0, 0.0, 1.0],
                [-0.379854, 0.682205, 0.624746, -0.0, 0.119921, 0.705984, -0.698001, 0.39386, -0.91724, -0.190218, -0.349981, -0.0, 0.0, 0.0, 0.0, 1.0],
                [-0.379854, 0.021595, 0.924794, -0.0, 0.119921, 0.992441, 0.026082, 0.39386, -0.917241, 0.12081, -0.379572, 0.0, 0.0, 0.0, 0.0, 1.0],
                [-0.88696, 0.286238, 0.36245, 0.0, -0.074908, 0.685235, -0.72446, 0.39386, -0.455732, -0.669717, -0.586335, 0.0, 0.0, 0.0, 0.0, 1.0],
                [-0.591135, 0.103006, -0.799968, 0.0, 0.547291, 0.779774, -0.304015, 0.39386, 0.592479, -0.61753, -0.517326, 0.0, 0.0, 0.0, 0.0, 1.0],
                [-0.617099, -0.116489, 0.778216, 0.0, -0.51929, 0.803335, -0.29153, 0.39386, -0.591208, -0.584023, -0.556229, 0.0, 0.0, 0.0, 0.0, 1.0],
                [-0.617099, -0.116489, 0.778216, -0.0, -0.51929, 0.803335, -0.29153, 0.39386, -0.591208, -0.584023, -0.556229, 0.0, 0.0, 0.0, 0.0, 1.0]
            ]
        },
        {
            "name": "Hand_L",
            "time": [0.0, 0.25, 0.5, 0.9, 1.1333, 1.1667, 1.3333],
            "transform": [
                [1.0, 0.0, 0.0, 0.0, 0.0, 0.909705, -0.415255, 0.3, -0.0, 0.415255, 0.909705, -0.0, 0.0, 0.0, 0.0, 1.0],
                [1.0, 0.0, 0.0, 0.0, -0.0, 0.851703, -0.524025, 0.3, -0.0, 0.524025, 0.851703, -0.0, 0.0, 0.0, 0.0, 1.0],
                [1.0, -0.0, 0.0, 0.0, 0.0, 0.780758, -0.624834, 0.3, -0.0, 0.624834, 0.780758, 0.0, 0.0, 0.0, 0.0, 1.0],
                [1.0, 0.0, 0.0, -0.0, -0.0, 0.893969, -0.448128, 0.3, -0.0, 0.448128, 0.893969, 0.0, 0.0, 0.0, 0.0, 1.0],
                [1.0, 0.0, 0.0, 0.0, -0.0, 0.986931, -0.161141, 0.3, -0.0, 0.161141, 0.986931, -0.0, 0.0, 0.0, 0.0, 1.0],
                [1.0, 0.0, -0.0, 0.0, -0.0, 0.986932, -0.161141, 0.3, -0.0, 0.161141, 0.986931, 0.0, 0.0, 0.0, 0.0, 1.0],
                [1.0, 0.0, 0.0, -0.0, -0.0, 0.986931, -0.161141, 0.3, -0.0, 0.161141, 0.986931, -0.0, 0.0, 0.0, 0.0, 1.0]
            ]
        },
        {
            "name": "Tool_L",
            "time": [0.0, 0.1667, 0.2333, 0.25, 0.8167, 0.8667, 0.9333, 1.0, 1.0667, 1.1667, 1.25, 1.3333],
            "transform": [
                [0.0, 0.0, 0.0, 0.0, 0.0, 0.0, 0.0, 0.272858, 0.0, 0.0, 0.0, 0.0, 0.0, 0.0, 0.0, 1.0],
                [0.0, 0.0, 0.0, -5.207655, 0.0, 0.0, 0.0, -3.296133, 0.0, 0.0, 0.0, 4.623136, 0.0, 0.0, 0.0, 1.0],
                [0.0, 0.0, 0.0, -0.541596, 0.0, 0.0, 0.0, -0.098316, 0.0, 0.0, 0.0, 0.480806, 0.0, 0.0, 0.0, 1.0],
                [1.0, 0.0, 0.0, -0.0, 0.0, -0.999836, 0.018122, 0.272858, 0.0, -0.018122, -0.999247, -0.0, 0.0, 0.0, 0.0, 1.0],
                [-0.087849, -1.1e-05, 0.996134, -0.0, -0.018052, -0.999836, -0.001603, 0.272858, 0.995384, -0.018123, 0.087783, 0.0, 0.0, 0.0, 0.0, 1.0],
                [-0.981964, -1.2e-05, -0.189068, 0.0, 0.003436, -0.999836, -0.017783, 0.272858, -0.188925, -0.018112, 0.981226, -0.0, 0.0, 0.0, 0.0, 1.0],
                [0.094696, -1.1e-05, -0.995506, 0.0, 0.018041, -0.999836, 0.001727, 0.272858, -0.994757, -0.018123, -0.094624, -0.0, 0.0, 0.0, 0.0, 1.0],
                [0.989722, -1.2e-05, 0.143004, -0.0, -0.002601, -0.999836, 0.017923, 0.272858, 0.142896, -0.018111, -0.988977, 0.0, 0.0, 0.0, 0.0, 1.0],
                [-0.203306, -2.1e-05, 0.979115, 0.0, -0.017731, -0.999836, -0.003703, 0.272858, 0.978379, -0.018114, 0.203153, 0.0, 0.0, 0.0, 0.0, 1.0],
                [0.709817, -0.079992, 0.69983, 0.0, 0.060516, -0.982932, -0.17373, 0.272858, 0.70137, 0.16556, -0.692455, -0.0, 0.0, 0.0, 0.0, 1.0],
                [0.999337, -0.011558, 0.034509, 0.0, -0.000688, -0.95406, -0.299616, 0.272858, 0.036365, 0.299207, -0.952878, -0.0, 0.0, 0.0, 0.0, 1.0],
                [0.999337, -0.011558, 0.034509, 0.0, -0.000688, -0.95406, -0.299616, 0.272858, 0.036365, 0.299207, -0.952878, -0.0, 0.0, 0.0, 0.0, 1.0]
            ]
        },
        {
            "name": "Elbow_L",
            "time": [0.0, 0.25, 1.1667, 1.3333],
            "transform": [
                [-1.0, 0.0, -0.0, 0.0, 0.0, -0.0, -1.0, 0.350453, -0.0, -1.0, -0.0, -0.0, 0.0, 0.0, 0.0, 1.0],
                [-1.0, 0.0, -0.0, 0.0, 0.0, -0.0, -1.0, 0.362012, -0.0, -1.0, 0.0, -0.0, 0.0, 0.0, 0.0, 1.0],
                [-1.0, 0.0, -0.0, 0.0, -0.0, -0.0, -1.0, 0.325491, -0.0, -1.0, -0.0, 0.0, 0.0, 0.0, 0.0, 1.0],
                [-1.0, 0.0, -0.0, -0.0, 0.0, -0.0, -1.0, 0.325491, -0.0, -1.0, -0.0, -0.0, 0.0, 0.0, 0.0, 1.0]
            ]
        }
    ]
}