{
    "animation": [
        {
            "name": "Root",
            "time": [0.0, 1.25, 2.5, 3.75, 5.0],
            "transform": [
                [1.0, 0.0, 0.0, -5e-06, 0.0, 0.0, -1.0, 0.000946, 0.0, 1.0, 0.0, 0.763972, 0.0, 0.0, 0.0, 1.0],
                [1.0, 0.0, 0.0, -5e-06, 0.0, 0.0, -1.0, 0.000946, 0.0, 1.0, 0.0, 0.763972, 0.0, 0.0, 0.0, 1.0],
                [1.0, 0.0, 0.0, -5e-06, 0.0, 0.0, -1.0, 0.000946, 0.0, 1.0, 0.0, 0.763972, 0.0, 0.0, 0.0, 1.0],
                [1.0, 0.0, 0.0, -5e-06, 0.0, 0.0, -1.0, 0.000946, 0.0, 1.0, 0.0, 0.763972, 0.0, 0.0, 0.0, 1.0],
                [1.0, 0.0, 0.0, -5e-06, 0.0, 0.0, -1.0, 0.000946, 0.0, 1.0, 0.0, 0.763972, 0.0, 0.0, 0.0, 1.0]
            ]
        },
        {
            "name": "Thigh_R",
            "time": [0.0, 1.25, 2.5, 3.75, 5.0],
            "transform": [
                [0.999547, -0.0, 0.030068, 0.105536, -0.0, -0.999998, 0.0, -0.002831, 0.030068, 0.0, -0.999548, -0.066989, 0.0, 0.0, 0.0, 1.0],
                [0.999547, -0.0, 0.030068, 0.105536, -0.0, -0.999998, 0.0, -0.002831, 0.030068, 0.0, -0.999548, -0.066989, 0.0, 0.0, 0.0, 1.0],
                [0.999547, -0.0, 0.030068, 0.105536, -0.0, -0.999998, 0.0, -0.002831, 0.030068, 0.0, -0.999548, -0.066989, 0.0, 0.0, 0.0, 1.0],
                [0.999547, -0.0, 0.030068, 0.105536, -0.0, -0.999998, 0.0, -0.002831, 0.030068, 0.0, -0.999548, -0.066989, 0.0, 0.0, 0.0, 1.0],
                [0.999547, -0.0, 0.030068, 0.105536, -0.0, -0.999998, 0.0, -0.002831, 0.030068, 0.0, -0.999548, -0.066989, 0.0, 0.0, 0.0, 1.0]
            ]
        },
        {
            "name": "Leg_R",
            "time": [0.0, 1.25, 2.5, 3.75, 5.0],
            "transform": [
                [1.0, 0.0, 1e-06, 0.0, -0.0, 0.99218, 0.124825, 0.37472, -1e-06, -0.124825, 0.992178, -0.0, 0.0, 0.0, 0.0, 1.0],
                [1.0, 0.0, 1e-06, 0.0, -0.0, 0.99218, 0.124825, 0.37472, -1e-06, -0.124825, 0.992178, -0.0, 0.0, 0.0, 0.0, 1.0],
                [1.0, 0.0, 1e-06, 0.0, -0.0, 0.99218, 0.124825, 0.37472, -1e-06, -0.124825, 0.992178, -0.0, 0.0, 0.0, 0.0, 1.0],
                [1.0, 0.0, 1e-06, 0.0, -0.0, 0.99218, 0.124825, 0.37472, -1e-06, -0.124825, 0.992178, -0.0, 0.0, 0.0, 0.0, 1.0],
                [1.0, 0.0, 1e-06, 0.0, -0.0, 0.99218, 0.124825, 0.37472, -1e-06, -0.124825, 0.992178, -0.0, 0.0, 0.0, 0.0, 1.0]
            ]
        },
        {
            "name": "Knee_R",
            "time": [0.0, 1.25, 2.5, 3.75, 5.0],
            "transform": [
                [1.0, 0.0, -0.0, 0.0, -0.0, 1e-06, -1.0, 0.37472, -0.0, 1.0, 1e-06, 0.0, 0.0, 0.0, 0.0, 1.0],
                [1.0, 0.0, -0.0, 0.0, -0.0, 1e-06, -1.0, 0.37472, -0.0, 1.0, 1e-06, 0.0, 0.0, 0.0, 0.0, 1.0],
                [1.0, 0.0, -0.0, 0.0, -0.0, 1e-06, -1.0, 0.37472, -0.0, 1.0, 1e-06, 0.0, 0.0, 0.0, 0.0, 1.0],
                [1.0, 0.0, -0.0, 0.0, -0.0, 1e-06, -1.0, 0.37472, -0.0, 1.0, 1e-06, 0.0, 0.0, 0.0, 0.0, 1.0],
                [1.0, 0.0, -0.0, 0.0, -0.0, 1e-06, -1.0, 0.37472, -0.0, 1.0, 1e-06, 0.0, 0.0, 0.0, 0.0, 1.0]
            ]
        },
        {
            "name": "Thigh_L",
            "time": [0.0, 1.25, 2.5, 3.75, 5.0],
            "transform": [
                [0.723185, 0.001968, -0.690651, -0.105548, -0.042158, -0.998004, -0.046988, -0.002831, -0.689365, 0.063098, -0.72166, 0.066965, 0.0, 0.0, 0.0, 1.0],
                [0.723185, 0.001968, -0.690651, -0.105548, -0.042158, -0.998004, -0.046988, -0.002831, -0.689365, 0.063098, -0.72166, 0.066965, 0.0, 0.0, 0.0, 1.0],
                [0.723185, 0.001968, -0.690651, -0.105548, -0.042158, -0.998004, -0.046988, -0.002831, -0.689365, 0.063098, -0.72166, 0.066965, 0.0, 0.0, 0.0, 1.0],
                [0.723185, 0.001968, -0.690651, -0.105548, -0.042158, -0.998004, -0.046988, -0.002831, -0.689365, 0.063098, -0.72166, 0.066965, 0.0, 0.0, 0.0, 1.0],
                [0.723185, 0.001968, -0.690651, -0.105548, -0.042158, -0.998004, -0.046988, -0.002831, -0.689365, 0.063098, -0.72166, 0.066965, 0.0, 0.0, 0.0, 1.0]
            ]
        },
        {
            "name": "Leg_L",
            "time": [0.0, 1.25, 2.5, 3.75, 5.0],
            "transform": [
                [1.0, 0.0, 1e-06, 0.0, -0.0, 0.992595, 0.121472, 0.37472, -1e-06, -0.121471, 0.992595, -0.0, 0.0, 0.0, 0.0, 1.0],
                [1.0, 0.0, 1e-06, 0.0, -0.0, 0.992595, 0.121472, 0.37472, -1e-06, -0.121471, 0.992595, -0.0, 0.0, 0.0, 0.0, 1.0],
                [1.0, 0.0, 1e-06, 0.0, -0.0, 0.992595, 0.121472, 0.37472, -1e-06, -0.121471, 0.992595, -0.0, 0.0, 0.0, 0.0, 1.0],
                [1.0, 0.0, 1e-06, 0.0, -0.0, 0.992595, 0.121472, 0.37472, -1e-06, -0.121471, 0.992595, -0.0, 0.0, 0.0, 0.0, 1.0],
                [1.0, 0.0, 1e-06, 0.0, -0.0, 0.992595, 0.121472, 0.37472, -1e-06, -0.121471, 0.992595, -0.0, 0.0, 0.0, 0.0, 1.0]
            ]
        },
        {
            "name": "Knee_L",
            "time": [0.0, 1.25, 2.5, 3.75, 5.0],
            "transform": [
                [1.0, 0.0, -0.0, -0.0, -0.0, 1e-06, -1.0, 0.37472, -0.0, 1.0, 1e-06, -0.0, 0.0, 0.0, 0.0, 1.0],
                [1.0, 0.0, -0.0, -0.0, -0.0, 1e-06, -1.0, 0.37472, -0.0, 1.0, 1e-06, -0.0, 0.0, 0.0, 0.0, 1.0],
                [1.0, 0.0, -0.0, -0.0, -0.0, 1e-06, -1.0, 0.37472, -0.0, 1.0, 1e-06, -0.0, 0.0, 0.0, 0.0, 1.0],
                [1.0, 0.0, -0.0, -0.0, -0.0, 1e-06, -1.0, 0.37472, -0.0, 1.0, 1e-06, -0.0, 0.0, 0.0, 0.0, 1.0],
                [1.0, 0.0, -0.0, -0.0, -0.0, 1e-06, -1.0, 0.37472, -0.0, 1.0, 1e-06, -0.0, 0.0, 0.0, 0.0, 1.0]
            ]
        },
        {
            "name": "Torso",
            "time": [0.0, 1.25, 2.5, 3.75, 5.0],
            "transform": [
                [0.855448, 0.0, 0.517889, 0.0, 0.0, 1.0, 0.0, 0.05, -0.517889, 0.0, 0.855448, 0.0, 0.0, 0.0, 0.0, 1.0],
                [0.855163, 0.025803, 0.517717, 0.0, -0.022073, 0.999667, -0.013363, 0.05, -0.517889, -0.0, 0.855448, 0.0, 0.0, 0.0, 0.0, 1.0],
                [0.855448, 0.0, 0.517889, 0.0, 0.0, 1.0, 0.0, 0.05, -0.517889, 0.0, 0.855448, 0.0, 0.0, 0.0, 0.0, 1.0],
                [0.855163, 0.025803, 0.517717, 0.0, -0.022073, 0.999667, -0.013363, 0.05, -0.517889, -0.0, 0.855448, 0.0, 0.0, 0.0, 0.0, 1.0],
                [0.855448, 0.0, 0.517889, 0.0, 0.0, 1.0, 0.0, 0.05, -0.517889, 0.0, 0.855448, 0.0, 0.0, 0.0, 0.0, 1.0]
            ]
        },
        {
            "name": "Chest",
            "time": [0.0, 1.25, 2.5, 3.75, 5.0],
            "transform": [
                [0.99901, 0.044394, 0.002965, 0.0, -0.044493, 0.996788, 0.066581, 0.3, 0.0, -0.066647, 0.997777, -0.0, 0.0, 0.0, 0.0, 1.0],
                [0.999986, 0.005334, -0.00011, 0.0, -0.005303, 0.995901, 0.090295, 0.3, 0.000591, -0.090294, 0.995915, 0.0, 0.0, 0.0, 0.0, 1.0],
                [0.99901, 0.044394, 0.002965, 0.0, -0.044493, 0.996788, 0.066581, 0.3, 0.0, -0.066647, 0.997777, -0.0, 0.0, 0.0, 0.0, 1.0],
                [0.999986, 0.005334, -0.00011, 0.0, -0.005303, 0.995901, 0.090295, 0.3, 0.000591, -0.090294, 0.995915, 0.0, 0.0, 0.0, 0.0, 1.0],
                [0.99901, 0.044394, 0.002965, 0.0, -0.044493, 0.996788, 0.066581, 0.3, 0.0, -0.066647, 0.997777, -0.0, 0.0, 0.0, 0.0, 1.0]
            ]
        },
        {
            "name": "Head",
            "time": [0.0, 1.25, 2.5, 3.75, 5.0],
            "transform": [
                [0.868472, 0.143496, -0.474516, 0.0, -0.004216, 0.959294, 0.28238, 0.4, 0.495721, -0.243238, 0.833724, -0.0, 0.0, 0.0, 0.0, 1.0],
                [0.868472, 0.143496, -0.474516, 0.0, -0.004216, 0.959294, 0.28238, 0.4, 0.495721, -0.243238, 0.833724, 0.0, 0.0, 0.0, 0.0, 1.0],
                [0.868472, 0.143496, -0.474516, 0.0, -0.004216, 0.959294, 0.28238, 0.4, 0.495721, -0.243238, 0.833724, -0.0, 0.0, 0.0, 0.0, 1.0],
                [0.868472, 0.143496, -0.474516, 0.0, -0.004216, 0.959294, 0.28238, 0.4, 0.495721, -0.243238, 0.833724, 0.0, 0.0, 0.0, 0.0, 1.0],
                [0.868472, 0.143496, -0.474516, 0.0, -0.004216, 0.959294, 0.28238, 0.4, 0.495721, -0.243238, 0.833724, -0.0, 0.0, 0.0, 0.0, 1.0]
            ]
        },
        {
            "name": "Shoulder_R",
            "time": [0.0, 1.25, 2.5, 3.75, 5.0],
            "transform": [
                [0.0, 0.961422, 0.275076, 0.0, -0.0, -0.275075, 0.961423, 0.4, 1.0, -0.0, -0.0, -0.0, 0.0, 0.0, 0.0, 1.0],
                [0.042712, 0.961423, 0.271739, 0.0, 0.149282, -0.275076, 0.949762, 0.4, 0.987872, -0.0, -0.155272, 0.0, 0.0, 0.0, 0.0, 1.0],
                [0.0, 0.961422, 0.275076, 0.0, -0.0, -0.275075, 0.961423, 0.4, 1.0, -0.0, -0.0, -0.0, 0.0, 0.0, 0.0, 1.0],
                [0.042712, 0.961423, 0.271739, 0.0, 0.149282, -0.275076, 0.949762, 0.4, 0.987872, -0.0, -0.155272, 0.0, 0.0, 0.0, 0.0, 1.0],
                [0.0, 0.961422, 0.275076, 0.0, -0.0, -0.275075, 0.961423, 0.4, 1.0, -0.0, -0.0, -0.0, 0.0, 0.0, 0.0, 1.0]
            ]
        },
        {
            "name": "Arm_R",
            "time": [0.0, 1.25, 2.5, 3.75, 5.0],
            "transform": [
                [-0.03509, 0.340906, -0.939442, -0.0, 0.747068, 0.633338, 0.201922, 0.39386, 0.663821, -0.694741, -0.276904, 0.0, 0.0, 0.0, 0.0, 1.0],
                [-0.03509, 0.340906, -0.939442, -0.0, 0.747068, 0.633338, 0.201922, 0.39386, 0.663821, -0.694741, -0.276904, -0.0, 0.0, 0.0, 0.0, 1.0],
                [-0.03509, 0.340906, -0.939442, -0.0, 0.747068, 0.633338, 0.201922, 0.39386, 0.663821, -0.694741, -0.276904, 0.0, 0.0, 0.0, 0.0, 1.0],
                [-0.03509, 0.340906, -0.939442, -0.0, 0.747068, 0.633338, 0.201922, 0.39386, 0.663821, -0.694741, -0.276904, -0.0, 0.0, 0.0, 0.0, 1.0],
                [-0.03509, 0.340906, -0.939442, -0.0, 0.747068, 0.633338, 0.201922, 0.39386, 0.663821, -0.694741, -0.276904, 0.0, 0.0, 0.0, 0.0, 1.0]
            ]
        },
        {
            "name": "Hand_R",
            "time": [0.0, 1.25, 2.5, 3.75, 5.0],
            "transform": [
                [1.0, 0.0, 0.0, 0.0, -0.0, 0.873997, -0.485932, 0.3, -0.0, 0.485932, 0.873997, -0.0, 0.0, 0.0, 0.0, 1.0],
                [1.0, 0.0, 0.0, -0.0, -0.0, 0.873997, -0.485932, 0.3, -0.0, 0.485932, 0.873997, 0.0, 0.0, 0.0, 0.0, 1.0],
                [1.0, 0.0, 0.0, 0.0, -0.0, 0.873997, -0.485932, 0.3, -0.0, 0.485932, 0.873997, -0.0, 0.0, 0.0, 0.0, 1.0],
                [1.0, 0.0, 0.0, -0.0, -0.0, 0.873997, -0.485932, 0.3, -0.0, 0.485932, 0.873997, 0.0, 0.0, 0.0, 0.0, 1.0],
                [1.0, 0.0, 0.0, 0.0, -0.0, 0.873997, -0.485932, 0.3, -0.0, 0.485932, 0.873997, -0.0, 0.0, 0.0, 0.0, 1.0]
            ]
        },
        {
            "name": "Tool_R",
            "time": [0.0, 1.25, 2.5, 3.75, 5.0],
            "transform": [
                [0.306742, 0.0, 0.0, -0.010551, 0.0, -0.194869, 0.002744, 0.162792, 0.0, -0.003532, -0.151319, 0.025691, 0.0, 0.0, 0.0, 1.0],
                [0.306742, 0.0, 0.0, -0.010551, 0.0, -0.194869, 0.002744, 0.162792, 0.0, -0.003532, -0.151319, 0.025691, 0.0, 0.0, 0.0, 1.0],
                [0.306742, 0.0, 0.0, -0.010551, 0.0, -0.194869, 0.002744, 0.162792, 0.0, -0.003532, -0.151319, 0.025691, 0.0, 0.0, 0.0, 1.0],
                [0.306742, 0.0, 0.0, -0.010551, 0.0, -0.194869, 0.002744, 0.162792, 0.0, -0.003532, -0.151319, 0.025691, 0.0, 0.0, 0.0, 1.0],
                [0.306742, 0.0, 0.0, -0.010551, 0.0, -0.194869, 0.002744, 0.162792, 0.0, -0.003532, -0.151319, 0.025691, 0.0, 0.0, 0.0, 1.0]
            ]
        },
        {
            "name": "Elbow_R",
            "time": [0.0, 1.25, 2.5, 3.75, 5.0],
            "transform": [
                [-1.0, 0.0, -0.0, 0.0, 0.0, -0.0, -1.0, 0.357876, -0.0, -1.0, 0.0, -0.0, 0.0, 0.0, 0.0, 1.0],
                [-1.0, 0.0, 0.0, -0.0, 0.0, -0.0, -1.0, 0.357876, -0.0, -1.0, 0.0, 0.0, 0.0, 0.0, 0.0, 1.0],
                [-1.0, 0.0, -0.0, 0.0, 0.0, -0.0, -1.0, 0.357876, -0.0, -1.0, 0.0, -0.0, 0.0, 0.0, 0.0, 1.0],
                [-1.0, 0.0, 0.0, -0.0, 0.0, -0.0, -1.0, 0.357876, -0.0, -1.0, 0.0, 0.0, 0.0, 0.0, 0.0, 1.0],
                [-1.0, 0.0, -0.0, 0.0, 0.0, -0.0, -1.0, 0.357876, -0.0, -1.0, 0.0, -0.0, 0.0, 0.0, 0.0, 1.0]
            ]
        },
        {
            "name": "Shoulder_L",
            "time": [0.0, 1.25, 2.5, 3.75, 5.0],
            "transform": [
                [0.0, -0.952114, -0.305743, 0.0, 0.0, -0.305743, 0.952114, 0.4, -1.0, -0.0, 0.0, -0.0, 0.0, 0.0, 0.0, 1.0],
                [0.006796, -0.931881, -0.3627, 0.0, -0.036578, -0.362697, 0.931189, 0.4, -0.999308, 0.006938, -0.036551, 0.0, 0.0, 0.0, 0.0, 1.0],
                [0.0, -0.952114, -0.305743, 0.0, 0.0, -0.305743, 0.952114, 0.4, -1.0, -0.0, 0.0, -0.0, 0.0, 0.0, 0.0, 1.0],
                [0.006796, -0.931881, -0.3627, 0.0, -0.036578, -0.362697, 0.931189, 0.4, -0.999308, 0.006938, -0.036551, 0.0, 0.0, 0.0, 0.0, 1.0],
                [0.0, -0.952114, -0.305743, 0.0, 0.0, -0.305743, 0.952114, 0.4, -1.0, -0.0, 0.0, -0.0, 0.0, 0.0, 0.0, 1.0]
            ]
        },
        {
            "name": "Arm_L",
            "time": [0.0, 1.25, 2.5, 3.75, 5.0],
            "transform": [
                [-0.068532, -0.188719, 0.979637, -0.0, -0.792696, 0.606518, 0.061386, 0.39386, -0.605752, -0.772347, -0.191163, -0.0, 0.0, 0.0, 0.0, 1.0],
                [-0.068532, -0.188719, 0.979637, 0.0, -0.792696, 0.606518, 0.061386, 0.39386, -0.605752, -0.772347, -0.191163, 0.0, 0.0, 0.0, 0.0, 1.0],
                [-0.068532, -0.188719, 0.979637, -0.0, -0.792696, 0.606518, 0.061386, 0.39386, -0.605752, -0.772347, -0.191163, -0.0, 0.0, 0.0, 0.0, 1.0],
                [-0.068532, -0.188719, 0.979637, 0.0, -0.792696, 0.606518, 0.061386, 0.39386, -0.605752, -0.772347, -0.191163, 0.0, 0.0, 0.0, 0.0, 1.0],
                [-0.068532, -0.188719, 0.979637, -0.0, -0.792696, 0.606518, 0.061386, 0.39386, -0.605752, -0.772347, -0.191163, -0.0, 0.0, 0.0, 0.0, 1.0]
            ]
        },
        {
            "name": "Hand_L",
            "time": [0.0, 1.25, 2.5, 3.75, 5.0],
            "transform": [
                [1.0, 0.0, 0.0, 0.0, 0.0, 0.977217, -0.212244, 0.3, -0.0, 0.212243, 0.977217, -0.0, 0.0, 0.0, 0.0, 1.0],
                [1.0, 0.0, 0.0, -0.0, 0.0, 0.977217, -0.212243, 0.3, -0.0, 0.212244, 0.977217, 0.0, 0.0, 0.0, 0.0, 1.0],
                [1.0, 0.0, 0.0, 0.0, 0.0, 0.977217, -0.212244, 0.3, -0.0, 0.212243, 0.977217, -0.0, 0.0, 0.0, 0.0, 1.0],
                [1.0, 0.0, 0.0, -0.0, 0.0, 0.977217, -0.212243, 0.3, -0.0, 0.212244, 0.977217, 0.0, 0.0, 0.0, 0.0, 1.0],
                [1.0, 0.0, 0.0, 0.0, 0.0, 0.977217, -0.212244, 0.3, -0.0, 0.212243, 0.977217, -0.0, 0.0, 0.0, 0.0, 1.0]
            ]
        },
        {
            "name": "Tool_L",
            "time": [0.0, 1.25, 2.5, 3.75, 5.0],
            "transform": [
                [0.306742, 0.0, 0.0, 0.003831, 0.0, -0.194869, 0.002744, 0.17085, 0.0, -0.003532, -0.151319, 0.012533, 0.0, 0.0, 0.0, 1.0],
                [0.306742, 0.0, 0.0, 0.003831, 0.0, -0.194869, 0.002744, 0.17085, 0.0, -0.003532, -0.151319, 0.012533, 0.0, 0.0, 0.0, 1.0],
                [0.306742, 0.0, 0.0, 0.003831, 0.0, -0.194869, 0.002744, 0.17085, 0.0, -0.003532, -0.151319, 0.012533, 0.0, 0.0, 0.0, 1.0],
                [0.306742, 0.0, 0.0, 0.003831, 0.0, -0.194869, 0.002744, 0.17085, 0.0, -0.003532, -0.151319, 0.012533, 0.0, 0.0, 0.0, 1.0],
                [0.306742, 0.0, 0.0, 0.003831, 0.0, -0.194869, 0.002744, 0.17085, 0.0, -0.003532, -0.151319, 0.012533, 0.0, 0.0, 0.0, 1.0]
            ]
        },
        {
            "name": "Elbow_L",
            "time": [0.0, 1.25, 2.5, 3.75, 5.0],
            "transform": [
                [-1.0, 0.0, 0.0, 0.0, 0.0, -0.0, -1.0, 0.330366, -0.0, -1.0, -0.0, -0.0, 0.0, 0.0, 0.0, 1.0],
                [-1.0, 0.0, -0.0, -0.0, 0.0, -0.0, -1.0, 0.330366, -0.0, -1.0, -0.0, 0.0, 0.0, 0.0, 0.0, 1.0],
                [-1.0, 0.0, 0.0, 0.0, 0.0, -0.0, -1.0, 0.330366, -0.0, -1.0, -0.0, -0.0, 0.0, 0.0, 0.0, 1.0],
                [-1.0, 0.0, -0.0, -0.0, 0.0, -0.0, -1.0, 0.330366, -0.0, -1.0, -0.0, 0.0, 0.0, 0.0, 0.0, 1.0],
                [-1.0, 0.0, 0.0, 0.0, 0.0, -0.0, -1.0, 0.330366, -0.0, -1.0, -0.0, -0.0, 0.0, 0.0, 0.0, 1.0]
            ]
        }
    ]
}