{
    "animation": [
        {
            "name": "Root",
            "time": [0.0, 5.0],
            "transform": [
                [1.0, 0.0, 0.0, -5e-06, 0.0, 0.0, -1.0, 0.000946, 0.0, 1.0, 0.0, 0.985339, 0.0, 0.0, 0.0, 1.0],
                [1.0, 0.0, 0.0, -5e-06, 0.0, 0.0, -1.0, 0.000946, 0.0, 1.0, 0.0, 0.985339, 0.0, 0.0, 0.0, 1.0]
            ]
        },
        {
            "name": "Thigh_R",
            "time": [0.0, 2.5, 5.0],
            "transform": [
                [0.680271, -0.156843, -0.715983, 0.085028, 0.0, -0.976835, 0.213986, -0.002831, -0.73296, -0.145568, -0.664514, -0.091632, 0.0, 0.0, 0.0, 1.0],
                [0.680271, -0.092857, -0.727055, 0.085028, 0.0, -0.991941, 0.126687, -0.002831, -0.732961, -0.086181, -0.67479, -0.091632, 0.0, 0.0, 0.0, 1.0],
                [0.680271, -0.156843, -0.715983, 0.085028, 0.0, -0.976835, 0.213986, -0.002831, -0.73296, -0.145568, -0.664514, -0.091632, 0.0, 0.0, 0.0, 1.0]
            ]
        },
        {
            "name": "Leg_R",
            "time": [0.0, 2.5, 5.0],
            "transform": [
                [1.0, -0.0, 1e-06, -0.0, -0.0, 0.922247, 0.386603, 0.37472, -1e-06, -0.386603, 0.922245, 0.0, 0.0, 0.0, 0.0, 1.0],
                [1.0, -0.0, 1e-06, -0.0, -0.0, 0.825688, 0.564128, 0.37472, -1e-06, -0.564129, 0.825687, -0.0, 0.0, 0.0, 0.0, 1.0],
                [1.0, -0.0, 1e-06, -0.0, -0.0, 0.922247, 0.386603, 0.37472, -1e-06, -0.386603, 0.922245, 0.0, 0.0, 0.0, 0.0, 1.0]
            ]
        },
        {
            "name": "Knee_R",
            "time": [0.0, 5.0],
            "transform": [
                [1.0, 0.0, -0.0, -0.0, -0.0, 1e-06, -1.0, 0.37472, -0.0, 1.0, 1e-06, -0.0, 0.0, 0.0, 0.0, 1.0],
                [1.0, 0.0, -0.0, -0.0, -0.0, 1e-06, -1.0, 0.37472, -0.0, 1.0, 1e-06, -0.0, 0.0, 0.0, 0.0, 1.0]
            ]
        },
        {
            "name": "Thigh_L",
            "time": [0.0, 2.5, 5.0],
            "transform": [
                [0.680271, -0.660669, -0.317406, -0.08504, 0.0, -0.433047, 0.901371, -0.002831, -0.73296, -0.613176, -0.29459, 0.091608, 0.0, 0.0, 0.0, 1.0],
                [0.680271, -0.63427, -0.367331, -0.08504, 0.0, -0.50116, 0.865354, -0.002831, -0.73296, -0.588675, -0.340925, 0.091608, 0.0, 0.0, 0.0, 1.0],
                [0.680271, -0.660669, -0.317406, -0.08504, 0.0, -0.433047, 0.901371, -0.002831, -0.73296, -0.613176, -0.29459, 0.091608, 0.0, 0.0, 0.0, 1.0]
            ]
        },
        {
            "name": "Leg_L",
            "time": [0.0, 2.5, 5.0],
            "transform": [
                [1.0, -1e-06, 0.0, -0.0, -0.0, -0.252008, 0.967725, 0.37472, -1e-06, -0.967725, -0.252009, 0.0, 0.0, 0.0, 0.0, 1.0],
                [1.0, -1e-06, 0.0, 0.0, -0.0, -0.038595, 0.999255, 0.37472, -1e-06, -0.999255, -0.038595, -0.0, 0.0, 0.0, 0.0, 1.0],
                [1.0, -1e-06, 0.0, -0.0, -0.0, -0.252008, 0.967725, 0.37472, -1e-06, -0.967725, -0.252009, 0.0, 0.0, 0.0, 0.0, 1.0]
            ]
        },
        {
            "name": "Knee_L",
            "time": [0.0, 5.0],
            "transform": [
                [1.0, 0.0, -0.0, -0.0, -0.0, 1e-06, -1.0, 0.48472, -0.0, 1.0, 1e-06, -0.0, 0.0, 0.0, 0.0, 1.0],
                [1.0, 0.0, -0.0, -0.0, -0.0, 1e-06, -1.0, 0.48472, -0.0, 1.0, 1e-06, -0.0, 0.0, 0.0, 0.0, 1.0]
            ]
        },
        {
            "name": "Torso",
            "time": [0.0, 5.0],
            "transform": [
                [0.653749, 0.0, 0.756711, 0.0, 0.0, 1.0, 0.0, 0.05, -0.756711, 0.0, 0.653749, 0.0, 0.0, 0.0, 0.0, 1.0],
                [0.653749, 0.0, 0.756711, 0.0, 0.0, 1.0, 0.0, 0.05, -0.756711, 0.0, 0.653749, 0.0, 0.0, 0.0, 0.0, 1.0]
            ]
        },
        {
            "name": "Chest",
            "time": [0.0, 2.5, 5.0],
            "transform": [
                [0.893967, 0.0, -0.448132, -0.0, 0.0, 1.0, 0.0, 0.3, 0.448132, 0.0, 0.893967, 0.0, 0.0, 0.0, 0.0, 1.0],
                [0.893967, 0.025522, -0.447405, -0.0, 0.0, 0.998377, 0.056951, 0.3, 0.448133, -0.050913, 0.892516, 0.0, 0.0, 0.0, 0.0, 1.0],
                [0.893967, 0.0, -0.448132, -0.0, 0.0, 1.0, 0.0, 0.3, 0.448132, 0.0, 0.893967, 0.0, 0.0, 0.0, 0.0, 1.0]
            ]
        },
        {
            "name": "Head",
            "time": [0.0, 2.5, 5.0],
            "transform": [
                [0.965192, 0.079626, -0.249127, 0.0, -0.007739, 0.960807, 0.277109, 0.4, 0.261428, -0.265535, 0.92798, -0.0, 0.0, 0.0, 0.0, 1.0],
                [0.965192, 0.075118, -0.250523, -0.0, -0.007739, 0.965651, 0.259729, 0.4, 0.261428, -0.248749, 0.93262, -0.0, 0.0, 0.0, 0.0, 1.0],
                [0.965192, 0.079626, -0.249127, 0.0, -0.007739, 0.960807, 0.277109, 0.4, 0.261428, -0.265535, 0.92798, -0.0, 0.0, 0.0, 0.0, 1.0]
            ]
        },
        {
            "name": "Shoulder_R",
            "time": [0.0, 5.0],
            "transform": [
                [0.0, 0.952114, 0.305743, 0.0, 0.0, -0.305743, 0.952114, 0.4, 1.0, 0.0, -0.0, -0.0, 0.0, 0.0, 0.0, 1.0],
                [0.0, 0.952114, 0.305743, 0.0, 0.0, -0.305743, 0.952114, 0.4, 1.0, 0.0, -0.0, -0.0, 0.0, 0.0, 0.0, 1.0]
            ]
        },
        {
            "name": "Arm_R",
            "time": [0.0, 2.5, 5.0],
            "transform": [
                [0.01333, -0.416232, -0.90916, -0.0, -0.106961, 0.903431, -0.415178, 0.393861, 0.994174, 0.102779, -0.032478, 0.0, 0.0, 0.0, 0.0, 1.0],
                [0.01333, -0.493643, -0.869562, -0.0, -0.106961, 0.863946, -0.492094, 0.393861, 0.994174, 0.099569, -0.041284, 0.0, 0.0, 0.0, 0.0, 1.0],
                [0.01333, -0.416232, -0.90916, -0.0, -0.106961, 0.903431, -0.415178, 0.393861, 0.994174, 0.102779, -0.032478, 0.0, 0.0, 0.0, 0.0, 1.0]
            ]
        },
        {
            "name": "Hand_R",
            "time": [0.0, 2.5, 5.0],
            "transform": [
                [1.0, 0.0, 0.0, 0.0, -0.0, 0.919855, -0.392259, 0.3, -0.0, 0.392258, 0.919855, -0.0, 0.0, 0.0, 0.0, 1.0],
                [1.0, 0.0, 0.0, 0.0, -0.0, 0.863962, -0.503558, 0.3, -0.0, 0.503558, 0.863962, 0.0, 0.0, 0.0, 0.0, 1.0],
                [1.0, 0.0, 0.0, 0.0, -0.0, 0.919855, -0.392259, 0.3, -0.0, 0.392258, 0.919855, -0.0, 0.0, 0.0, 0.0, 1.0]
            ]
        },
        {
            "name": "Tool_R",
            "time": [0.0, 5.0],
            "transform": [
                [0.024759, 0.0, 0.0, 0.0, 0.0, -0.024755, 0.000449, 0.272858, 0.0, -0.000449, -0.024741, 0.0, 0.0, 0.0, 0.0, 1.0],
                [0.024759, 0.0, 0.0, 0.0, 0.0, -0.024755, 0.000449, 0.272858, 0.0, -0.000449, -0.024741, 0.0, 0.0, 0.0, 0.0, 1.0]
            ]
        },
        {
            "name": "Elbow_R",
            "time": [0.0, 5.0],
            "transform": [
                [-1.0, 0.0, -0.0, 0.0, -0.0, -0.0, -1.0, 0.348098, -0.0, -1.0, 0.0, -0.0, 0.0, 0.0, 0.0, 1.0],
                [-1.0, 0.0, -0.0, 0.0, -0.0, -0.0, -1.0, 0.348098, -0.0, -1.0, 0.0, -0.0, 0.0, 0.0, 0.0, 1.0]
            ]
        },
        {
            "name": "Shoulder_L",
            "time": [0.0, 5.0],
            "transform": [
                [0.0, -0.952114, -0.305743, 0.0, 0.0, -0.305743, 0.952114, 0.4, -1.0, 0.0, 0.0, -0.0, 0.0, 0.0, 0.0, 1.0],
                [0.0, -0.952114, -0.305743, 0.0, 0.0, -0.305743, 0.952114, 0.4, -1.0, 0.0, 0.0, -0.0, 0.0, 0.0, 0.0, 1.0]
            ]
        },
        {
            "name": "Arm_L",
            "time": [0.0, 2.5, 5.0],
            "transform": [
                [0.0, -0.376624, 0.926366, -0.0, 0.113446, 0.920386, 0.374193, 0.39386, -0.993544, 0.105093, 0.042727, 0.0, 0.0, 0.0, 0.0, 1.0],
                [-0.0, -0.488522, 0.872552, 0.0, 0.113446, 0.866919, 0.485368, 0.39386, -0.993544, 0.098988, 0.055421, -0.0, 0.0, 0.0, 0.0, 1.0],
                [0.0, -0.376624, 0.926366, -0.0, 0.113446, 0.920386, 0.374193, 0.39386, -0.993544, 0.105093, 0.042727, 0.0, 0.0, 0.0, 0.0, 1.0]
            ]
        },
        {
            "name": "Hand_L",
            "time": [0.0, 2.5, 5.0],
            "transform": [
                [1.0, 0.0, 0.0, -0.0, -0.0, 0.590435, -0.807086, 0.3, -0.0, 0.807085, 0.590435, -0.0, 0.0, 0.0, 0.0, 1.0],
                [1.0, 0.0, 0.0, 0.0, -0.0, 0.797835, -0.602876, 0.3, -0.0, 0.602876, 0.797835, -0.0, 0.0, 0.0, 0.0, 1.0],
                [1.0, 0.0, 0.0, -0.0, -0.0, 0.590435, -0.807086, 0.3, -0.0, 0.807085, 0.590435, -0.0, 0.0, 0.0, 0.0, 1.0]
            ]
        },
        {
            "name": "Tool_L",
            "time": [0.0, 5.0],
            "transform": [
                [0.010227, 0.0, 0.0, 0.0, 0.0, -0.010225, 0.000185, 0.272858, 0.0, -0.000185, -0.010219, 0.0, 0.0, 0.0, 0.0, 1.0],
                [0.010227, 0.0, 0.0, 0.0, 0.0, -0.010225, 0.000185, 0.272858, 0.0, -0.000185, -0.010219, 0.0, 0.0, 0.0, 0.0, 1.0]
            ]
        },
        {
            "name": "Elbow_L",
            "time": [0.0, 5.0],
            "transform": [
                [-1.0, 0.0, -0.0, 0.0, 0.0, -0.0, -1.0, 0.398337, -0.0, -1.0, 0.0, -0.0, 0.0, 0.0, 0.0, 1.0],
                [-1.0, 0.0, -0.0, 0.0, 0.0, -0.0, -1.0, 0.398337, -0.0, -1.0, 0.0, -0.0, 0.0, 0.0, 0.0, 1.0]
            ]
        }
    ]
}