{
    "animation": [
        {
            "name": "Root",
            "time": [0.0, 1.3333],
            "transform": [
                [1.0, 0.0, 0.0, -5e-06, 0.0, 0.0, -1.0, 0.000946, 0.0, 1.0, 0.0, 0.763972, 0.0, 0.0, 0.0, 1.0],
                [1.0, 0.0, 0.0, -5e-06, 0.0, 0.0, -1.0, 0.000946, 0.0, 1.0, 0.0, 0.763972, 0.0, 0.0, 0.0, 1.0]
            ]
        },
        {
            "name": "Thigh_R",
            "time": [0.0, 0.2667, 0.3667, 0.75, 1.3333],
            "transform": [
                [1.0, -0.0, -0.0, 0.124994, 0.0, -0.999998, 1e-06, -0.002831, -0.0, -0.0, -1.0, -1.2e-05, 0.0, 0.0, 0.0, 1.0],
                [1.0, -0.0, 0.0, 0.124994, 0.0, -0.793479, 0.608596, -0.002831, 0.0, -0.608594, -0.793481, -1.2e-05, 0.0, 0.0, 0.0, 1.0],
                [1.0, -0.0, 0.0, 0.124994, 0.0, -0.7278, 0.685788, -0.002831, 0.0, -0.685786, -0.727802, -1.2e-05, 0.0, 0.0, 0.0, 1.0],
                [1.0, -0.0, -0.0, 0.124994, 0.0, -0.990945, 0.13425, -0.002831, -0.0, -0.134249, -0.990948, -1.2e-05, 0.0, 0.0, 0.0, 1.0],
                [1.0, -0.0, -0.0, 0.124994, 0.0, -0.990945, 0.13425, -0.002831, -0.0, -0.134249, -0.990948, -1.2e-05, 0.0, 0.0, 0.0, 1.0]
            ]
        },
        {
            "name": "Leg_R",
            "time": [0.0, 0.2667, 0.3667, 0.75, 1.3333],
            "transform": [
                [1.0, 0.0, 1e-06, 0.0, -0.0, 1.000001, 0.0, 0.37472, -1e-06, -0.0, 0.999999, -0.0, 0.0, 0.0, 0.0, 1.0],
                [1.0, -0.0, 1e-06, 0.0, -0.0, 0.80605, 0.591848, 0.37472, -1e-06, -0.591849, 0.806049, -0.0, 0.0, 0.0, 0.0, 1.0],
                [1.0, -0.0, 1e-06, 0.0, -0.0, 0.676986, 0.735996, 0.37472, -1e-06, -0.735997, 0.676985, 0.0, 0.0, 0.0, 0.0, 1.0],
                [1.0, 0.0, 1e-06, 0.0, -0.0, 0.976148, 0.217111, 0.37472, -1e-06, -0.217112, 0.976146, 0.0, 0.0, 0.0, 0.0, 1.0],
                [1.0, 0.0, 1e-06, 0.0, -0.0, 0.976148, 0.217111, 0.37472, -1e-06, -0.217112, 0.976146, 0.0, 0.0, 0.0, 0.0, 1.0]
            ]
        },
        {
            "name": "Knee_R",
            "time": [0.0, 1.3333],
            "transform": [
                [1.0, 0.0, -0.0, 0.0, -0.0, 1e-06, -1.0, 0.37472, -0.0, 1.0, 1e-06, -0.0, 0.0, 0.0, 0.0, 1.0],
                [1.0, 0.0, -0.0, 0.0, -0.0, 1e-06, -1.0, 0.37472, -0.0, 1.0, 1e-06, 0.0, 0.0, 0.0, 0.0, 1.0]
            ]
        },
        {
            "name": "Thigh_L",
            "time": [0.0, 0.2667, 0.3667, 0.75, 1.3333],
            "transform": [
                [1.0, -0.0, -0.0, -0.125006, 0.0, -0.999999, 1e-06, -0.002831, -0.0, -0.0, -1.0, -1.2e-05, 0.0, 0.0, 0.0, 1.0],
                [0.965398, 0.052007, -0.255541, -0.125006, 0.0, -0.979912, -0.199427, -0.002831, -0.26078, 0.192527, -0.946006, -1.2e-05, 0.0, 0.0, 0.0, 1.0],
                [0.965398, 0.085692, -0.246299, -0.125006, 0.0, -0.944468, -0.3286, -0.002831, -0.26078, 0.31723, -0.911789, -1.2e-05, 0.0, 0.0, 0.0, 1.0],
                [0.854624, -0.0, -0.519247, -0.125006, 1e-06, -0.999999, 1e-06, -0.002831, -0.519247, -0.0, -0.854624, -1.2e-05, 0.0, 0.0, 0.0, 1.0],
                [0.854624, -0.0, -0.519247, -0.125006, 1e-06, -0.999999, 1e-06, -0.002831, -0.519247, -0.0, -0.854624, -1.2e-05, 0.0, 0.0, 0.0, 1.0]
            ]
        },
        {
            "name": "Leg_L",
            "time": [0.0, 0.2667, 0.3667, 0.75, 1.3333],
            "transform": [
                [1.0, 0.0, 1e-06, -0.0, -0.0, 1.0, 0.0, 0.37472, -1e-06, -0.0, 1.0, 0.0, 0.0, 0.0, 0.0, 1.0],
                [1.0, -0.0, 1e-06, 0.0, -0.0, 0.944965, 0.327171, 0.37472, -1e-06, -0.327171, 0.944965, 0.0, 0.0, 0.0, 0.0, 1.0],
                [1.0, -0.0, 1e-06, -0.0, -0.0, 0.944965, 0.327171, 0.37472, -1e-06, -0.327171, 0.944965, -0.0, 0.0, 0.0, 0.0, 1.0],
                [1.0, -0.0, 1e-06, 0.0, -0.0, 0.948946, 0.315439, 0.37472, -1e-06, -0.315439, 0.948946, -0.0, 0.0, 0.0, 0.0, 1.0],
                [1.0, -0.0, 1e-06, 0.0, -0.0, 0.948946, 0.315439, 0.37472, -1e-06, -0.315439, 0.948946, -0.0, 0.0, 0.0, 0.0, 1.0]
            ]
        },
        {
            "name": "Knee_L",
            "time": [0.0, 1.3333],
            "transform": [
                [1.0, 0.0, -0.0, -0.0, -0.0, 1e-06, -1.0, 0.37472, -0.0, 1.0, 1e-06, 0.0, 0.0, 0.0, 0.0, 1.0],
                [1.0, 0.0, -0.0, 0.0, -0.0, 1e-06, -1.0, 0.37472, -0.0, 1.0, 1e-06, 0.0, 0.0, 0.0, 0.0, 1.0]
            ]
        },
        {
            "name": "Torso",
            "time": [0.0, 1.3333],
            "transform": [
                [1.0, 0.0, 0.0, 0.0, 0.0, 1.0, 0.0, 0.05, 0.0, 0.0, 1.0, 0.0, 0.0, 0.0, 0.0, 1.0],
                [1.0, 0.0, 0.0, 0.0, 0.0, 1.0, 0.0, 0.05, 0.0, 0.0, 1.0, 0.0, 0.0, 0.0, 0.0, 1.0]
            ]
        },
        {
            "name": "Chest",
            "time": [0.0, 0.3333, 0.4167, 0.75, 1.3333],
            "transform": [
                [1.0, 0.0, 0.0, 0.0, 0.0, 1.0, 0.0, 0.3, 0.0, 0.0, 1.0, 0.0, 0.0, 0.0, 0.0, 1.0],
                [1.0, 0.0, 0.0, 0.0, 0.0, 0.981066, 0.193674, 0.3, 0.0, -0.193673, 0.981066, 0.0, 0.0, 0.0, 0.0, 1.0],
                [1.0, 0.0, 0.0, 0.0, 0.0, 0.926909, 0.375285, 0.3, 0.0, -0.375285, 0.926909, 0.0, 0.0, 0.0, 0.0, 1.0],
                [1.0, 0.0, 0.0, 0.0, 0.0, 0.991309, -0.131557, 0.3, 0.0, 0.131557, 0.991309, 0.0, 0.0, 0.0, 0.0, 1.0],
                [1.0, 0.0, 0.0, 0.0, 0.0, 1.0, 0.0, 0.3, 0.0, 0.0, 1.0, 0.0, 0.0, 0.0, 0.0, 1.0]
            ]
        },
        {
            "name": "Head",
            "time": [0.0, 0.25, 0.75, 1.3333],
            "transform": [
                [1.0, 0.0, 0.0, 0.0, 0.0, 1.0, 0.0, 0.4, 0.0, 0.0, 1.0, 0.0, 0.0, 0.0, 0.0, 1.0],
                [1.0, 0.0, 0.0, 0.0, 0.0, 0.763123, 0.646254, 0.4, 0.0, -0.646254, 0.763123, -0.0, 0.0, 0.0, 0.0, 1.0],
                [1.0, 0.0, 0.0, 0.0, 0.0, 0.986161, 0.165789, 0.4, 0.0, -0.165789, 0.986161, 0.0, 0.0, 0.0, 0.0, 1.0],
                [1.0, 0.0, 0.0, 0.0, 0.0, 0.986161, 0.165789, 0.4, 0.0, -0.165789, 0.986161, 0.0, 0.0, 0.0, 0.0, 1.0]
            ]
        },
        {
            "name": "Shoulder_R",
            "time": [0.0, 1.3333],
            "transform": [
                [0.0, 0.952114, 0.305743, 0.0, 0.0, -0.305743, 0.952114, 0.4, 1.0, 0.0, -0.0, 0.0, 0.0, 0.0, 0.0, 1.0],
                [0.0, 0.952114, 0.305743, 0.0, 0.0, -0.305743, 0.952114, 0.4, 1.0, 0.0, -0.0, 0.0, 0.0, 0.0, 0.0, 1.0]
            ]
        },
        {
            "name": "Arm_R",
            "time": [0.0, 0.25, 0.4167, 0.75, 1.3333],
            "transform": [
                [0.0, -0.0, -1.0, -0.0, 0.952114, 0.305743, 0.0, 0.39386, 0.305743, -0.952114, 0.0, 0.0, 0.0, 0.0, 0.0, 1.0],
                [-0.338086, -0.774197, -0.535086, -0.0, 0.678473, 0.193519, -0.708679, 0.393861, 0.652206, -0.602636, 0.459845, -0.0, 0.0, 0.0, 0.0, 1.0],
                [-0.338086, -0.862905, -0.375623, -0.0, 0.678473, 0.05312, -0.732703, 0.393861, 0.652206, -0.502567, 0.567498, 0.0, 0.0, 0.0, 0.0, 1.0],
                [0.759112, -0.648527, -0.056229, -0.0, 0.585608, 0.718072, -0.376081, 0.393861, 0.284275, 0.252559, 0.924879, 0.0, 0.0, 0.0, 0.0, 1.0],
                [0.0, -0.0, -1.0, -0.0, 0.952114, 0.305743, 0.0, 0.39386, 0.305743, -0.952114, 0.0, 0.0, 0.0, 0.0, 0.0, 1.0]
            ]
        },
        {
            "name": "Hand_R",
            "time": [0.0, 0.25, 0.4167, 0.8333, 1.3333],
            "transform": [
                [1.0, 0.0, 0.0, 0.0, -0.0, 0.993938, 0.109947, 0.3, -0.0, -0.109947, 0.993938, -0.0, 0.0, 0.0, 0.0, 1.0],
                [1.0, 0.0, 0.0, 0.0, -0.0, 0.930355, -0.36666, 0.3, -0.0, 0.36666, 0.930355, -0.0, 0.0, 0.0, 0.0, 1.0],
                [1.0, 0.0, 0.0, 0.0, -0.0, 0.724592, -0.689179, 0.3, -0.0, 0.689179, 0.724591, 0.0, 0.0, 0.0, 0.0, 1.0],
                [1.0, 0.0, 0.0, -0.0, -0.0, 0.95993, -0.28024, 0.3, -0.0, 0.28024, 0.95993, 0.0, 0.0, 0.0, 0.0, 1.0],
                [1.0, 0.0, 0.0, 0.0, -0.0, 0.993938, 0.109947, 0.3, -0.0, -0.109947, 0.993938, -0.0, 0.0, 0.0, 0.0, 1.0]
            ]
        },
        {
            "name": "Tool_R",
            "time": [0.0, 1.3333],
            "transform": [
                [0.074912, 0.0, 0.0, 0.001658, 0.0, -0.074607, 0.0004, 0.272858, 0.0, -0.001352, -0.022074, 0.0, 0.0, 0.0, 0.0, 1.0],
                [0.074912, 0.0, 0.0, 0.001658, 0.0, -0.074607, 0.0004, 0.272858, 0.0, -0.001352, -0.022074, 0.0, 0.0, 0.0, 0.0, 1.0]
            ]
        },
        {
            "name": "Elbow_R",
            "time": [0.0, 1.3333],
            "transform": [
                [-1.0, 0.0, -0.0, -0.0, 0.0, -0.0, -1.0, 0.3, -0.0, -1.0, 0.0, 0.0, 0.0, 0.0, 0.0, 1.0],
                [-1.0, 0.0, -0.0, -0.0, 0.0, -0.0, -1.0, 0.3, -0.0, -1.0, 0.0, 0.0, 0.0, 0.0, 0.0, 1.0]
            ]
        },
        {
            "name": "Shoulder_L",
            "time": [0.0, 1.3333],
            "transform": [
                [-0.0, -0.952114, -0.305743, 0.0, 0.0, -0.305743, 0.952114, 0.4, -1.0, 0.0, 0.0, 0.0, 0.0, 0.0, 0.0, 1.0],
                [-0.0, -0.952114, -0.305743, 0.0, 0.0, -0.305743, 0.952114, 0.4, -1.0, 0.0, 0.0, 0.0, 0.0, 0.0, 0.0, 1.0]
            ]
        },
        {
            "name": "Arm_L",
            "time": [0.0, 0.25, 0.4167, 0.75, 1.3333],
            "transform": [
                [-0.0, -0.0, 1.0, -0.0, -0.952114, 0.305743, -0.0, 0.39386, -0.305743, -0.952114, -0.0, 0.0, 0.0, 0.0, 0.0, 1.0],
                [-0.375585, 0.560585, 0.738024, 0.0, -0.882485, 0.026944, -0.469568, 0.39386, -0.283118, -0.827658, 0.484589, 0.0, 0.0, 0.0, 0.0, 1.0],
                [-0.694659, 0.560585, 0.450769, 0.0, -0.528755, 0.026944, -0.848347, 0.39386, -0.487716, -0.827658, 0.277696, 0.0, 0.0, 0.0, 0.0, 1.0],
                [0.759112, 0.648527, 0.056229, -0.0, -0.585608, 0.718071, -0.376081, 0.39386, -0.284275, 0.252559, 0.924879, 0.0, 0.0, 0.0, 0.0, 1.0],
                [-0.0, -0.0, 1.0, -0.0, -0.952114, 0.305743, -0.0, 0.39386, -0.305743, -0.952114, -0.0, 0.0, 0.0, 0.0, 0.0, 1.0]
            ]
        },
        {
            "name": "Hand_L",
            "time": [0.0, 0.25, 0.4167, 0.8333, 1.3333],
            "transform": [
                [1.0, 0.0, 0.0, -0.0, -0.0, 0.993937, 0.109947, 0.3, -0.0, -0.109947, 0.993937, 0.0, 0.0, 0.0, 0.0, 1.0],
                [1.0, 0.0, 0.0, -0.0, -0.0, 0.809638, -0.58693, 0.3, -0.0, 0.58693, 0.809638, 0.0, 0.0, 0.0, 0.0, 1.0],
                [1.0, 0.0, 0.0, -0.0, -0.0, 0.680535, -0.732716, 0.3, 0.0, 0.732716, 0.680535, -0.0, 0.0, 0.0, 0.0, 1.0],
                [1.0, 0.0, 0.0, -0.0, 0.0, 0.95993, -0.28024, 0.3, -0.0, 0.28024, 0.95993, -0.0, 0.0, 0.0, 0.0, 1.0],
                [1.0, 0.0, 0.0, -0.0, -0.0, 0.993937, 0.109947, 0.3, -0.0, -0.109947, 0.993937, 0.0, 0.0, 0.0, 0.0, 1.0]
            ]
        },
        {
            "name": "Tool_L",
            "time": [0.0, 1.3333],
            "transform": [
                [0.074912, 0.0, 0.0, -0.001658, 0.0, -0.074607, 0.0004, 0.272858, 0.0, -0.001352, -0.022075, 0.0, 0.0, 0.0, 0.0, 1.0],
                [0.074912, 0.0, 0.0, -0.001658, 0.0, -0.074607, 0.0004, 0.272858, 0.0, -0.001352, -0.022075, 0.0, 0.0, 0.0, 0.0, 1.0]
            ]
        },
        {
            "name": "Elbow_L",
            "time": [0.0, 1.3333],
            "transform": [
                [-1.0, 0.0, -0.0, -0.0, 0.0, -0.0, -1.0, 0.3, -0.0, -1.0, -0.0, 0.0, 0.0, 0.0, 0.0, 1.0],
                [-1.0, 0.0, -0.0, -0.0, 0.0, -0.0, -1.0, 0.3, -0.0, -1.0, -0.0, 0.0, 0.0, 0.0, 0.0, 1.0]
            ]
        }
    ]
}