{
    "animation": [
        {
            "name": "Root",
            "time": [0.0, 5.0],
            "transform": [
                [1.0, 0.0, 0.0, -5e-06, 0.0, 0.0, -1.0, 0.000946, 0.0, 1.0, 0.0, 0.763972, 0.0, 0.0, 0.0, 1.0],
                [1.0, 0.0, 0.0, -5e-06, 0.0, 0.0, -1.0, 0.000946, 0.0, 1.0, 0.0, 0.763972, 0.0, 0.0, 0.0, 1.0]
            ]
        },
        {
            "name": "Thigh_R",
            "time": [0.0, 5.0],
            "transform": [
                [0.865857, 0.256023, 0.429817, 0.124994, 0.229323, -0.966668, 0.113838, -0.002831, 0.444637, -0.0, -0.895711, -1.2e-05, 0.0, 0.0, 0.0, 1.0],
                [0.865857, 0.256023, 0.429817, 0.124994, 0.229323, -0.966668, 0.113838, -0.002831, 0.444637, -0.0, -0.895711, -1.2e-05, 0.0, 0.0, 0.0, 1.0]
            ]
        },
        {
            "name": "Leg_R",
            "time": [0.0, 5.0],
            "transform": [
                [1.0, 0.0, 1e-06, -0.0, -0.0, 0.962452, 0.271456, 0.37472, -1e-06, -0.271456, 0.96245, 0.0, 0.0, 0.0, 0.0, 1.0],
                [1.0, 0.0, 1e-06, -0.0, -0.0, 0.962452, 0.271456, 0.37472, -1e-06, -0.271456, 0.96245, 0.0, 0.0, 0.0, 0.0, 1.0]
            ]
        },
        {
            "name": "Knee_R",
            "time": [0.0, 5.0],
            "transform": [
                [1.0, 0.0, -0.0, -0.0, -0.0, 0.0, -1.0, 0.37472, -0.0, 1.0, 0.0, 0.0, 0.0, 0.0, 0.0, 1.0],
                [1.0, 0.0, -0.0, -0.0, -0.0, 0.0, -1.0, 0.37472, -0.0, 1.0, 0.0, 0.0, 0.0, 0.0, 0.0, 1.0]
            ]
        },
        {
            "name": "Thigh_L",
            "time": [0.0, 5.0],
            "transform": [
                [0.925443, -0.241657, -0.291815, -0.125006, -0.090403, -0.888783, 0.449322, -0.002831, -0.367942, -0.389441, -0.844366, -1.2e-05, 0.0, 0.0, 0.0, 1.0],
                [0.925443, -0.241657, -0.291815, -0.125006, -0.090403, -0.888783, 0.449322, -0.002831, -0.367942, -0.389441, -0.844366, -1.2e-05, 0.0, 0.0, 0.0, 1.0]
            ]
        },
        {
            "name": "Leg_L",
            "time": [0.0, 5.0],
            "transform": [
                [1.0, -0.0, 1e-06, 0.0, -0.0, 0.84427, 0.535918, 0.37472, -1e-06, -0.535918, 0.84427, -0.0, 0.0, 0.0, 0.0, 1.0],
                [1.0, -0.0, 1e-06, 0.0, -0.0, 0.84427, 0.535918, 0.37472, -1e-06, -0.535918, 0.84427, -0.0, 0.0, 0.0, 0.0, 1.0]
            ]
        },
        {
            "name": "Knee_L",
            "time": [0.0, 5.0],
            "transform": [
                [1.0, 0.0, -0.0, 0.0, -0.0, 0.0, -1.0, 0.379131, -0.0, 1.0, 0.0, 0.0, 0.0, 0.0, 0.0, 1.0],
                [1.0, 0.0, -0.0, 0.0, -0.0, 0.0, -1.0, 0.379131, -0.0, 1.0, 0.0, 0.0, 0.0, 0.0, 0.0, 1.0]
            ]
        },
        {
            "name": "Torso",
            "time": [0.0, 5.0],
            "transform": [
                [0.957855, 0.0, -0.287252, 0.0, 0.0, 1.0, 0.0, 0.05, 0.287252, 0.0, 0.957855, 0.0, 0.0, 0.0, 0.0, 1.0],
                [0.957855, 0.0, -0.287252, 0.0, 0.0, 1.0, 0.0, 0.05, 0.287252, 0.0, 0.957855, 0.0, 0.0, 0.0, 0.0, 1.0]
            ]
        },
        {
            "name": "Chest",
            "time": [0.0, 2.0833, 2.5, 5.0, 0.8333, 1.25, 3.3333, 3.75],
            "transform": [
                [0.982575, -0.007605, 0.18571, -0.0, -0.007532, 0.996712, 0.080669, 0.3, -0.185713, -0.080662, 0.979288, -0.0, 0.0, 0.0, 0.0, 1.0],
                [0.982575, 0.013954, 0.185342, -0.0, -0.007532, 0.999348, -0.035308, 0.3, -0.185713, 0.033297, 0.98204, -0.0, 0.0, 0.0, 0.0, 1.0],
                [0.982575, 0.013954, 0.185342, -0.0, -0.007532, 0.999348, -0.035308, 0.3, -0.185713, 0.033297, 0.98204, -0.0, 0.0, 0.0, 0.0, 1.0],
                [0.982575, -0.007605, 0.18571, -0.0, -0.007532, 0.996712, 0.080669, 0.3, -0.185713, -0.080662, 0.979288, -0.0, 0.0, 0.0, 0.0, 1.0],
                [0.982575, -0.007605, 0.18571, -0.0, -0.007532, 0.996712, 0.080669, 0.3, -0.185713, -0.080662, 0.979288, -0.0, 0.0, 0.0, 0.0, 1.0],
                [0.982575, 0.013954, 0.185342, -0.0, -0.007532, 0.999348, -0.035308, 0.3, -0.185713, 0.033297, 0.98204, -0.0, 0.0, 0.0, 0.0, 1.0],
                [0.982575, 0.013954, 0.185342, -0.0, -0.007532, 0.999348, -0.035308, 0.3, -0.185713, 0.033297, 0.98204, -0.0, 0.0, 0.0, 0.0, 1.0],
                [0.982575, -0.007605, 0.18571, -0.0, -0.007532, 0.996712, 0.080669, 0.3, -0.185713, -0.080662, 0.979288, -0.0, 0.0, 0.0, 0.0, 1.0]
            ]
        },
        {
            "name": "Head",
            "time": [0.0, 5.0],
            "transform": [
                [0.994395, -0.0, 0.105729, 0.0, -0.007809, 0.997269, 0.07344, 0.4, -0.10544, -0.073854, 0.991679, 0.0, 0.0, 0.0, 0.0, 1.0],
                [0.994395, -0.0, 0.105729, 0.0, -0.007809, 0.997269, 0.07344, 0.4, -0.10544, -0.073854, 0.991679, 0.0, 0.0, 0.0, 0.0, 1.0]
            ]
        },
        {
            "name": "Shoulder_R",
            "time": [0.0, 5.0],
            "transform": [
                [0.0, 0.945448, 0.325774, 0.0, 0.0, -0.325774, 0.945448, 0.4, 1.0, -0.0, -0.0, 0.0, 0.0, 0.0, 0.0, 1.0],
                [0.0, 0.945448, 0.325774, 0.0, 0.0, -0.325774, 0.945448, 0.4, 1.0, -0.0, -0.0, 0.0, 0.0, 0.0, 0.0, 1.0]
            ]
        },
        {
            "name": "Arm_R",
            "time": [0.0, 5.0],
            "transform": [
                [0.720955, -0.692982, -0.000942, 0.0, 0.659798, 0.686846, -0.304809, 0.393861, 0.211874, 0.219132, 0.952413, 0.0, 0.0, 0.0, 0.0, 1.0],
                [0.720955, -0.692982, -0.000942, 0.0, 0.659798, 0.686846, -0.304809, 0.393861, 0.211874, 0.219132, 0.952413, 0.0, 0.0, 0.0, 0.0, 1.0]
            ]
        },
        {
            "name": "Hand_R",
            "time": [0.0, 0.2083, 0.4167, 1.25, 1.4583, 1.6667, 1.875, 2.0833, 2.2917, 2.5, 2.625, 2.7083, 3.5417, 3.75, 3.9583, 4.5833, 5.0],
            "transform": [
                [1.0, -0.0, 0.0, 0.0, 0.0, 0.373516, -0.927624, 0.3, -0.0, 0.927624, 0.373516, 0.0, 0.0, 0.0, 0.0, 1.0],
                [1.0, 0.0, 0.0, -0.0, 0.0, -0.002348, -0.999997, 0.3, -0.0, 0.999997, -0.002348, 0.0, 0.0, 0.0, 0.0, 1.0],
                [1.0, 0.0, 0.0, 0.0, -0.0, -0.177249, -0.984166, 0.3, -0.0, 0.984166, -0.177249, -0.0, 0.0, 0.0, 0.0, 1.0],
                [1.0, 0.0, -0.0, 0.0, 0.0, -0.040002, -0.9992, 0.3, -0.0, 0.9992, -0.040002, 0.0, 0.0, 0.0, 0.0, 1.0],
                [1.0, 0.0, 0.0, 0.0, -0.0, 0.021218, -0.999775, 0.3, -0.0, 0.999775, 0.021218, 0.0, 0.0, 0.0, 0.0, 1.0],
                [1.0, 0.0, 0.0, 0.0, -0.0, 0.187817, -0.982204, 0.3, -0.0, 0.982204, 0.187817, -0.0, 0.0, 0.0, 0.0, 1.0],
                [1.0, 0.0, 0.0, -0.0, 0.0, 0.320998, -0.94708, 0.3, -0.0, 0.94708, 0.320998, 0.0, 0.0, 0.0, 0.0, 1.0],
                [1.0, 0.0, 0.0, 0.0, 0.0, -0.029884, -0.999554, 0.3, -0.0, 0.999554, -0.029884, 0.0, 0.0, 0.0, 0.0, 1.0],
                [1.0, 0.0, 0.0, 0.0, 0.0, -0.24053, -0.970642, 0.3, -0.0, 0.970642, -0.24053, 0.0, 0.0, 0.0, 0.0, 1.0],
                [1.0, 0.0, 0.0, 0.0, 0.0, -0.296645, -0.954988, 0.3, -0.0, 0.954988, -0.296645, 0.0, 0.0, 0.0, 0.0, 1.0],
                [1.0, 0.0, -0.0, 0.0, 0.0, -0.203257, -0.979126, 0.3, -0.0, 0.979126, -0.203257, 0.0, 0.0, 0.0, 0.0, 1.0],
                [1.0, 0.0, 0.0, -0.0, 0.0, -0.296645, -0.954988, 0.3, -0.0, 0.954988, -0.296645, 0.0, 0.0, 0.0, 0.0, 1.0],
                [1.0, 0.0, 0.0, 0.0, 0.0, 0.073413, -0.997302, 0.3, -0.0, 0.997302, 0.073413, 0.0, 0.0, 0.0, 0.0, 1.0],
                [1.0, 0.0, -0.0, 0.0, 0.0, 0.298227, -0.954495, 0.3, -0.0, 0.954495, 0.298227, 0.0, 0.0, 0.0, 0.0, 1.0],
                [1.0, 0.0, 0.0, 0.0, 0.0, 0.465096, -0.885261, 0.3, -0.0, 0.885261, 0.465096, 0.0, 0.0, 0.0, 0.0, 1.0],
                [1.0, 0.0, -0.0, -0.0, -0.0, -0.142957, -0.989729, 0.3, -0.0, 0.989729, -0.142957, -0.0, 0.0, 0.0, 0.0, 1.0],
                [1.0, 0.0, 0.0, 0.0, 0.0, -0.142957, -0.989729, 0.3, -0.0, 0.989729, -0.142957, 0.0, 0.0, 0.0, 0.0, 1.0]
            ]
        },
        {
            "name": "Tool_R",
            "time": [0.0, 5.0],
            "transform": [
                [1.0, -0.0, 0.0, -0.0, -0.0, -0.999836, 0.018122, 0.272858, 0.0, -0.018122, -0.999836, -0.0, 0.0, 0.0, 0.0, 1.0],
                [1.0, 0.0, 0.0, -0.0, -0.0, -0.999836, 0.018122, 0.272858, 0.0, -0.018122, -0.999836, 0.0, 0.0, 0.0, 0.0, 1.0]
            ]
        },
        {
            "name": "Elbow_R",
            "time": [0.0, 5.0],
            "transform": [
                [-1.0, 0.0, 0.0, -0.0, 0.0, 0.0, -1.0, 0.421652, -0.0, -1.0, -0.0, 0.0, 0.0, 0.0, 0.0, 1.0],
                [-1.0, 0.0, 0.0, -0.0, 0.0, 0.0, -1.0, 0.4472, -0.0, -1.0, -0.0, 0.0, 0.0, 0.0, 0.0, 1.0]
            ]
        },
        {
            "name": "Shoulder_L",
            "time": [0.0, 5.0],
            "transform": [
                [-0.0, -0.952114, -0.305743, 0.0, 0.0, -0.305743, 0.952114, 0.4, -1.0, 0.0, 0.0, 0.0, 0.0, 0.0, 0.0, 1.0],
                [-0.0, -0.952114, -0.305743, 0.0, 0.0, -0.305743, 0.952114, 0.4, -1.0, 0.0, 0.0, 0.0, 0.0, 0.0, 0.0, 1.0]
            ]
        },
        {
            "name": "Arm_L",
            "time": [0.0, 0.2083, 5.0],
            "transform": [
                [-0.259512, 0.142356, 0.95519, 0.0, -0.582237, 0.766044, -0.272353, 0.39386, -0.770489, -0.626826, -0.115913, 0.0, 0.0, 0.0, 0.0, 1.0],
                [-0.265286, 0.131283, 0.95519, -0.0, -0.61403, 0.740804, -0.272353, 0.39386, -0.743364, -0.658767, -0.115913, 0.0, 0.0, 0.0, 0.0, 1.0],
                [-0.265286, 0.131283, 0.95519, 0.0, -0.61403, 0.740804, -0.272353, 0.39386, -0.743364, -0.658767, -0.115913, 0.0, 0.0, 0.0, 0.0, 1.0]
            ]
        },
        {
            "name": "Hand_L",
            "time": [0.0, 5.0],
            "transform": [
                [1.0, 0.0, 0.0, 0.0, 0.0, 0.979768, -0.200138, 0.3, -0.0, 0.200138, 0.979768, 0.0, 0.0, 0.0, 0.0, 1.0],
                [1.0, 0.0, 0.0, 0.0, 0.0, 0.979768, -0.200138, 0.3, -0.0, 0.200138, 0.979768, -0.0, 0.0, 0.0, 0.0, 1.0]
            ]
        },
        {
            "name": "Tool_L",
            "time": [0.0, 5.0],
            "transform": [
                [0.411392, 0.011718, -0.911383, -0.064785, -0.331965, -0.929312, -0.161795, 0.626204, -0.848856, 0.369109, -0.378422, -0.120708, 0.0, 0.0, 0.0, 1.0],
                [0.411392, 0.011718, -0.911383, -0.064785, -0.331965, -0.929312, -0.161795, 0.626205, -0.848856, 0.369109, -0.378422, -0.120708, 0.0, 0.0, 0.0, 1.0]
            ]
        },
        {
            "name": "Elbow_L",
            "time": [0.0, 5.0],
            "transform": [
                [-1.0, 0.0, -0.0, -0.0, 0.0, -0.0, -1.0, 0.329207, -0.0, -1.0, 0.0, 0.0, 0.0, 0.0, 0.0, 1.0],
                [-1.0, 0.0, -0.0, 0.0, -0.0, -0.0, -1.0, 0.329207, -0.0, -1.0, 0.0, -0.0, 0.0, 0.0, 0.0, 1.0]
            ]
        }
    ]
}