{
    "animation": [
        {
            "name": "Root",
            "time": [0.0, 3.3333],
            "transform": [
                [1.0, 0.0, 0.0, -5e-06, 0.0, 0.0, -1.0, 0.000946, 0.0, 1.0, 0.0, 0.763972, 0.0, 0.0, 0.0, 1.0],
                [1.0, 0.0, 0.0, -5e-06, 0.0, 0.0, -1.0, 0.000946, 0.0, 1.0, 0.0, 0.763972, 0.0, 0.0, 0.0, 1.0]
            ]
        },
        {
            "name": "Thigh_R",
            "time": [0.0, 0.2083, 0.4167, 0.625, 0.8333, 1.0417, 1.875, 2.5, 2.9167, 3.3333],
            "transform": [
                [1.0, -0.0, -0.0, 0.124994, -0.0, -0.958733, 0.284302, -0.002831, -0.0, -0.284302, -0.958735, -1.2e-05, 0.0, 0.0, 0.0, 1.0],
                [1.0, -0.0, -0.0, 0.124994, -0.0, -0.912835, 0.408323, -0.002831, -0.0, -0.408322, -0.912838, -1.2e-05, 0.0, 0.0, 0.0, 1.0],
                [1.0, -0.0, -0.0, 0.124994, -0.0, -0.820317, 0.571906, -0.002831, -0.0, -0.571905, -0.820319, -1.2e-05, 0.0, 0.0, 0.0, 1.0],
                [1.0, -0.0, -0.0, 0.124994, -0.0, -0.920953, 0.38967, -0.002831, -0.0, -0.389669, -0.920955, -1.2e-05, 0.0, 0.0, 0.0, 1.0],
                [1.0, -0.0, -0.0, 0.124994, -0.0, -0.947761, 0.318975, -0.002831, -0.0, -0.318974, -0.947764, -1.2e-05, 0.0, 0.0, 0.0, 1.0],
                [1.0, -0.0, -0.0, 0.124994, -0.0, -0.968152, 0.250353, -0.002831, -0.0, -0.250352, -0.968155, -1.2e-05, 0.0, 0.0, 0.0, 1.0],
                [1.0, -0.0, -0.0, 0.124994, -0.0, -0.993742, -0.111694, -0.002831, -0.0, 0.111694, -0.993742, -1.2e-05, 0.0, 0.0, 0.0, 1.0],
                [1.0, -0.0, -0.0, 0.124994, -0.0, -0.980181, -0.198098, -0.002831, -0.0, 0.198098, -0.980182, -1.2e-05, 0.0, 0.0, 0.0, 1.0],
                [1.0, -0.0, -0.0, 0.124994, -0.0, -0.950995, -0.309203, -0.002831, -0.0, 0.309203, -0.950996, -1.2e-05, 0.0, 0.0, 0.0, 1.0],
                [1.0, -0.0, -0.0, 0.124994, -0.0, -0.998633, 0.05225, -0.002831, -0.0, -0.05225, -0.998634, -1.2e-05, 0.0, 0.0, 0.0, 1.0]
            ]
        },
        {
            "name": "Leg_R",
            "time": [0.0, 0.2083, 0.4167, 0.625, 0.8333, 1.875, 2.7083, 2.9167, 3.3333],
            "transform": [
                [1.0, 0.0, 1e-06, 0.0, -0.0, 0.935584, 0.353107, 0.37472, -1e-06, -0.353107, 0.935582, -0.0, 0.0, 0.0, 0.0, 1.0],
                [1.0, 0.0, 1e-06, -0.0, -0.0, 0.896737, 0.442564, 0.37472, -1e-06, -0.442564, 0.896736, 0.0, 0.0, 0.0, 0.0, 1.0],
                [1.0, 0.0, 1e-06, 0.0, -0.0, 0.935638, 0.352963, 0.37472, -1e-06, -0.352963, 0.935637, 0.0, 0.0, 0.0, 0.0, 1.0],
                [1.0, 0.0, 1e-06, -0.0, -0.0, 0.985933, 0.167146, 0.37472, -1e-06, -0.167146, 0.985931, -0.0, 0.0, 0.0, 0.0, 1.0],
                [1.0, 0.0, 1e-06, -0.0, -0.0, 0.97549, 0.220046, 0.37472, -1e-06, -0.220046, 0.975489, -0.0, 0.0, 0.0, 0.0, 1.0],
                [1.0, 0.0, 1e-06, 0.0, -0.0, 1.0, 0.0, 0.37472, -1e-06, -0.0, 1.0, -0.0, 0.0, 0.0, 0.0, 1.0],
                [1.0, 0.0, 1e-06, 0.0, -0.0, 0.988068, 0.154014, 0.37472, -1e-06, -0.154014, 0.988069, 0.0, 0.0, 0.0, 0.0, 1.0],
                [1.0, 0.0, 1e-06, 0.0, -0.0, 0.950596, 0.310429, 0.37472, -1e-06, -0.310429, 0.950597, -0.0, 0.0, 0.0, 0.0, 1.0],
                [1.0, 0.0, 1e-06, 0.0, -0.0, 0.950596, 0.31043, 0.37472, -1e-06, -0.310429, 0.950597, 0.0, 0.0, 0.0, 0.0, 1.0]
            ]
        },
        {
            "name": "Knee_R",
            "time": [0.0, 1.875, 3.3333],
            "transform": [
                [1.0, 0.0, -0.0, -0.0, -0.0, 0.0, -1.0, 0.37472, -0.0, 1.0, 0.0, -0.0, 0.0, 0.0, 0.0, 1.0],
                [1.0, 0.0, -0.0, -0.0, -0.0, 0.0, -1.0, 0.37472, -0.0, 1.0, 0.0, -0.0, 0.0, 0.0, 0.0, 1.0],
                [1.0, 0.0, -0.0, 0.0, -0.0, 0.0, -1.0, 0.37472, -0.0, 1.0, 0.0, 0.0, 0.0, 0.0, 0.0, 1.0]
            ]
        },
        {
            "name": "Thigh_L",
            "time": [0.0, 0.625, 1.0417, 1.4583, 1.875, 2.0833, 2.2917, 2.5, 2.7083, 2.9167, 3.3333],
            "transform": [
                [1.0, -0.0, -0.0, -0.125006, -0.0, -0.993742, -0.111694, -0.002831, -0.0, 0.111694, -0.993742, -1.2e-05, 0.0, 0.0, 0.0, 1.0],
                [1.0, -0.0, -0.0, -0.125006, -0.0, -0.980181, -0.198098, -0.002831, -0.0, 0.198098, -0.980182, -1.2e-05, 0.0, 0.0, 0.0, 1.0],
                [1.0, -0.0, -0.0, -0.125006, -1e-06, -0.950995, -0.309203, -0.002831, 0.0, 0.309203, -0.950996, -1.2e-05, 0.0, 0.0, 0.0, 1.0],
                [1.0, -0.0, -0.0, -0.125006, -0.0, -0.998633, 0.05225, -0.002831, -0.0, -0.05225, -0.998634, -1.2e-05, 0.0, 0.0, 0.0, 1.0],
                [1.0, -1e-06, 0.0, -0.125006, -1e-06, -0.958733, 0.284302, -0.002831, -0.0, -0.284302, -0.958735, -1.2e-05, 0.0, 0.0, 0.0, 1.0],
                [1.0, -1e-06, 0.0, -0.125006, -1e-06, -0.912835, 0.408323, -0.002831, 0.0, -0.408322, -0.912838, -1.2e-05, 0.0, 0.0, 0.0, 1.0],
                [1.0, -0.0, 0.0, -0.125006, -1e-06, -0.820317, 0.571906, -0.002831, 0.0, -0.571905, -0.820319, -1.2e-05, 0.0, 0.0, 0.0, 1.0],
                [1.0, -1e-06, 0.0, -0.125006, -1e-06, -0.920953, 0.38967, -0.002831, 0.0, -0.389669, -0.920955, -1.2e-05, 0.0, 0.0, 0.0, 1.0],
                [1.0, -1e-06, 0.0, -0.125006, -1e-06, -0.947761, 0.318975, -0.002831, -0.0, -0.318974, -0.947764, -1.2e-05, 0.0, 0.0, 0.0, 1.0],
                [1.0, -1e-06, 0.0, -0.125006, -1e-06, -0.968152, 0.250353, -0.002831, -0.0, -0.250352, -0.968155, -1.2e-05, 0.0, 0.0, 0.0, 1.0],
                [1.0, -1e-06, 0.0, -0.125006, -1e-06, -0.968152, 0.250353, -0.002831, -0.0, -0.250352, -0.968155, -1.2e-05, 0.0, 0.0, 0.0, 1.0]
            ]
        },
        {
            "name": "Leg_L",
            "time": [0.0, 0.8333, 1.0417, 1.875, 2.0833, 2.2917, 2.5, 2.7083, 3.3333],
            "transform": [
                [1.0, 0.0, 1e-06, -0.0, -0.0, 1.0, 0.0, 0.37472, -1e-06, -0.0, 1.0, -0.0, 0.0, 0.0, 0.0, 1.0],
                [1.0, 0.0, 1e-06, 0.0, -0.0, 0.988068, 0.154015, 0.37472, -1e-06, -0.154014, 0.988069, 0.0, 0.0, 0.0, 0.0, 1.0],
                [1.0, 0.0, 1e-06, 0.0, -0.0, 0.950596, 0.31043, 0.37472, -1e-06, -0.310429, 0.950597, -0.0, 0.0, 0.0, 0.0, 1.0],
                [1.0, 0.0, 1e-06, 0.0, -0.0, 0.935583, 0.353107, 0.37472, -1e-06, -0.353107, 0.935582, -0.0, 0.0, 0.0, 0.0, 1.0],
                [1.0, 0.0, 1e-06, -0.0, -0.0, 0.896737, 0.442564, 0.37472, -1e-06, -0.442565, 0.896736, 0.0, 0.0, 0.0, 0.0, 1.0],
                [1.0, 0.0, 1e-06, -0.0, -0.0, 0.935638, 0.352963, 0.37472, -1e-06, -0.352963, 0.935637, 0.0, 0.0, 0.0, 0.0, 1.0],
                [1.0, 0.0, 1e-06, 0.0, -0.0, 0.985933, 0.167146, 0.37472, -1e-06, -0.167146, 0.985931, -0.0, 0.0, 0.0, 0.0, 1.0],
                [1.0, 0.0, 1e-06, 0.0, -0.0, 0.97549, 0.220046, 0.37472, -1e-06, -0.220046, 0.975489, -0.0, 0.0, 0.0, 0.0, 1.0],
                [1.0, 0.0, 1e-06, 0.0, -0.0, 0.97549, 0.220046, 0.37472, -1e-06, -0.220046, 0.975489, 0.0, 0.0, 0.0, 0.0, 1.0]
            ]
        },
        {
            "name": "Knee_L",
            "time": [0.0, 1.875, 3.3333],
            "transform": [
                [1.0, 0.0, -0.0, -0.0, -0.0, 0.0, -1.0, 0.37472, -0.0, 1.0, 0.0, -0.0, 0.0, 0.0, 0.0, 1.0],
                [1.0, 0.0, -0.0, 0.0, -0.0, 0.0, -1.0, 0.37472, -0.0, 1.0, 0.0, -0.0, 0.0, 0.0, 0.0, 1.0],
                [1.0, 0.0, -0.0, 0.0, -0.0, 0.0, -1.0, 0.37472, -0.0, 1.0, 0.0, 0.0, 0.0, 0.0, 0.0, 1.0]
            ]
        },
        {
            "name": "Torso",
            "time": [0.0, 3.3333],
            "transform": [
                [1.0, 0.0, 0.0, 0.0, 0.0, 1.0, 0.0, 0.05, 0.0, 0.0, 1.0, 0.0, 0.0, 0.0, 0.0, 1.0],
                [1.0, 0.0, 0.0, 0.0, 0.0, 1.0, 0.0, 0.05, 0.0, 0.0, 1.0, 0.0, 0.0, 0.0, 0.0, 1.0]
            ]
        },
        {
            "name": "Chest",
            "time": [0.0, 3.3333],
            "transform": [
                [1.0, 0.0, 0.0, 0.0, 0.0, 0.997971, -0.063663, 0.3, 0.0, 0.063663, 0.997971, 0.0, 0.0, 0.0, 0.0, 1.0],
                [1.0, 0.0, 0.0, 0.0, 0.0, 0.997971, -0.063663, 0.3, 0.0, 0.063663, 0.997971, 0.0, 0.0, 0.0, 0.0, 1.0]
            ]
        },
        {
            "name": "Head",
            "time": [0.0, 3.3333],
            "transform": [
                [1.0, 0.0, 0.0, 0.0, 0.0, 0.931288, 0.364282, 0.4, 0.0, -0.364282, 0.931288, -0.0, 0.0, 0.0, 0.0, 1.0],
                [1.0, 0.0, 0.0, 0.0, 0.0, 0.931288, 0.364282, 0.4, 0.0, -0.364282, 0.931288, -0.0, 0.0, 0.0, 0.0, 1.0]
            ]
        },
        {
            "name": "Shoulder_R",
            "time": [0.0, 3.3333],
            "transform": [
                [0.0, 0.952114, 0.305743, 0.0, 0.0, -0.305743, 0.952114, 0.4, 1.0, -0.0, -0.0, -0.0, 0.0, 0.0, 0.0, 1.0],
                [0.0, 0.952114, 0.305743, 0.0, 0.0, -0.305743, 0.952114, 0.4, 1.0, -0.0, -0.0, -0.0, 0.0, 0.0, 0.0, 1.0]
            ]
        },
        {
            "name": "Arm_R",
            "time": [0.0, 0.8333, 1.6667, 2.5, 3.3333],
            "transform": [
                [0.951729, -0.264123, 0.156368, -0.0, 0.13119, 0.810604, 0.570711, 0.393861, -0.27749, -0.522648, 0.806126, 0.0, 0.0, 0.0, 0.0, 1.0],
                [0.959143, 0.263672, -0.102573, -0.0, -0.171466, 0.830127, 0.530555, 0.393861, 0.225041, -0.49129, 0.841422, 0.0, 0.0, 0.0, 0.0, 1.0],
                [0.951729, -0.264123, 0.156368, -0.0, 0.13119, 0.810604, 0.570711, 0.393861, -0.27749, -0.522648, 0.806126, 0.0, 0.0, 0.0, 0.0, 1.0],
                [0.959143, 0.263672, -0.102573, -0.0, -0.171466, 0.830127, 0.530555, 0.393861, 0.225041, -0.49129, 0.841422, 0.0, 0.0, 0.0, 0.0, 1.0],
                [0.951729, -0.264123, 0.156368, -0.0, 0.13119, 0.810604, 0.570711, 0.393861, -0.27749, -0.522648, 0.806126, 0.0, 0.0, 0.0, 0.0, 1.0]
            ]
        },
        {
            "name": "Hand_R",
            "time": [0.0, 3.3333],
            "transform": [
                [1.0, 0.0, -0.0, -0.0, -0.0, 0.278546, -0.960423, 0.3, -0.0, 0.960423, 0.278546, -0.0, 0.0, 0.0, 0.0, 1.0],
                [1.0, 0.0, -0.0, -0.0, -0.0, 0.278546, -0.960423, 0.3, -0.0, 0.960423, 0.278546, -0.0, 0.0, 0.0, 0.0, 1.0]
            ]
        },
        {
            "name": "Tool_R",
            "time": [0.0, 0.625, 1.25, 1.875, 2.5, 2.9167, 3.3333],
            "transform": [
                [0.851744, -0.261038, 0.454302, 0.004823, 0.408116, -0.213237, -0.887678, 0.3847, 0.328592, 0.941483, -0.075089, -0.044272, 0.0, 0.0, 0.0, 1.0],
                [0.973898, 0.219054, -0.059486, 0.004823, -0.202111, 0.717573, -0.666514, 0.3847, -0.103317, 0.661139, 0.743116, -0.044272, 0.0, 0.0, 0.0, 1.0],
                [0.997366, -0.007357, 0.072153, 0.004823, 0.07054, 0.329661, -0.941461, 0.384699, -0.01686, 0.944071, 0.329312, -0.044272, 0.0, 0.0, 0.0, 1.0],
                [0.977329, -0.136744, 0.161645, 0.004823, 0.205382, 0.426811, -0.880711, 0.3847, 0.05144, 0.893943, 0.445219, -0.044272, 0.0, 0.0, 0.0, 1.0],
                [0.90951, 0.401264, -0.108528, 0.004823, -0.285285, 0.412662, -0.865057, 0.3847, -0.30233, 0.817739, 0.489795, -0.044272, 0.0, 0.0, 0.0, 1.0],
                [0.99945, 0.029233, 0.015692, 0.004823, 0.00134, 0.43699, -0.899466, 0.384699, -0.033151, 0.898992, 0.436711, -0.044272, 0.0, 0.0, 0.0, 1.0],
                [0.867297, -0.281135, 0.410803, 0.004823, 0.40588, -0.078402, -0.910558, 0.3847, 0.288197, 0.956461, 0.046109, -0.044272, 0.0, 0.0, 0.0, 1.0]
            ]
        },
        {
            "name": "Elbow_R",
            "time": [0.0, 3.3333],
            "transform": [
                [-1.0, 0.0, -0.0, 0.0, 0.0, -0.0, -1.0, 0.431072, -0.0, -1.0, -0.0, -0.0, 0.0, 0.0, 0.0, 1.0],
                [-1.0, 0.0, -0.0, 0.0, 0.0, -0.0, -1.0, 0.431072, -0.0, -1.0, -0.0, -0.0, 0.0, 0.0, 0.0, 1.0]
            ]
        },
        {
            "name": "Shoulder_L",
            "time": [0.0, 3.3333],
            "transform": [
                [-0.0, -0.952114, -0.305743, 0.0, 0.0, -0.305743, 0.952114, 0.4, -1.0, 0.0, 0.0, -0.0, 0.0, 0.0, 0.0, 1.0],
                [-0.0, -0.952114, -0.305743, 0.0, 0.0, -0.305743, 0.952114, 0.4, -1.0, 0.0, 0.0, -0.0, 0.0, 0.0, 0.0, 1.0]
            ]
        },
        {
            "name": "Arm_L",
            "time": [0.0, 0.8333, 1.6667, 2.5, 3.3333],
            "transform": [
                [0.951729, 0.264123, -0.156368, 0.0, -0.131191, 0.810604, 0.570711, 0.39386, 0.27749, -0.522648, 0.806126, -0.0, 0.0, 0.0, 0.0, 1.0],
                [0.959143, -0.263671, 0.102574, 0.0, 0.171465, 0.830127, 0.530554, 0.39386, -0.225041, -0.49129, 0.841422, -0.0, 0.0, 0.0, 0.0, 1.0],
                [0.951729, 0.264123, -0.156368, 0.0, -0.131191, 0.810604, 0.570711, 0.39386, 0.27749, -0.522648, 0.806126, -0.0, 0.0, 0.0, 0.0, 1.0],
                [0.959143, -0.263671, 0.102574, 0.0, 0.171465, 0.830127, 0.530554, 0.39386, -0.225041, -0.49129, 0.841422, -0.0, 0.0, 0.0, 0.0, 1.0],
                [0.951729, 0.264123, -0.156368, 0.0, -0.131191, 0.810604, 0.570711, 0.39386, 0.27749, -0.522648, 0.806126, -0.0, 0.0, 0.0, 0.0, 1.0]
            ]
        },
        {
            "name": "Hand_L",
            "time": [0.0, 3.3333],
            "transform": [
                [1.0, 0.0, 0.0, 0.0, 0.0, 0.278546, -0.960423, 0.3, -0.0, 0.960423, 0.278546, -0.0, 0.0, 0.0, 0.0, 1.0],
                [1.0, 0.0, 0.0, 0.0, 0.0, 0.278546, -0.960423, 0.3, -0.0, 0.960423, 0.278546, -0.0, 0.0, 0.0, 0.0, 1.0]
            ]
        },
        {
            "name": "Tool_L",
            "time": [0.0, 0.625, 1.25, 1.875, 2.5, 2.9167, 3.3333],
            "transform": [
                [0.851745, 0.261038, -0.454302, -0.004823, -0.408116, -0.213237, -0.887678, 0.384699, -0.328592, 0.941483, -0.07509, -0.044272, 0.0, 0.0, 0.0, 1.0],
                [0.973898, -0.219054, 0.059486, -0.004823, 0.202111, 0.717573, -0.666514, 0.3847, 0.103318, 0.661139, 0.743116, -0.044272, 0.0, 0.0, 0.0, 1.0],
                [0.997367, 0.007356, -0.072153, -0.004823, -0.07054, 0.329661, -0.941461, 0.3847, 0.01686, 0.944071, 0.329312, -0.044272, 0.0, 0.0, 0.0, 1.0],
                [0.977329, 0.136743, -0.161645, -0.004823, -0.205382, 0.426811, -0.880711, 0.3847, -0.051439, 0.893943, 0.445219, -0.044272, 0.0, 0.0, 0.0, 1.0],
                [0.90951, -0.401264, 0.108528, -0.004823, 0.285285, 0.412662, -0.865057, 0.3847, 0.302331, 0.817739, 0.489795, -0.044272, 0.0, 0.0, 0.0, 1.0],
                [0.999449, -0.029234, -0.015692, -0.004823, -0.00134, 0.43699, -0.899466, 0.384699, 0.033152, 0.898991, 0.436711, -0.044272, 0.0, 0.0, 0.0, 1.0],
                [0.867297, 0.281135, -0.410803, -0.004823, -0.40588, -0.078402, -0.910558, 0.384699, -0.288197, 0.956461, 0.046109, -0.044272, 0.0, 0.0, 0.0, 1.0]
            ]
        },
        {
            "name": "Elbow_L",
            "time": [0.0, 3.3333],
            "transform": [
                [-1.0, 0.0, -0.0, 0.0, 0.0, -0.0, -1.0, 0.431072, -0.0, -1.0, -0.0, -0.0, 0.0, 0.0, 0.0, 1.0],
                [-1.0, 0.0, -0.0, 0.0, 0.0, -0.0, -1.0, 0.431072, -0.0, -1.0, -0.0, -0.0, 0.0, 0.0, 0.0, 1.0]
            ]
        }
    ]
}