{
    "animation": [
        {
            "name": "Root",
            "time": [1.9833, 0.0],
            "transform": [
                [1.0, 0.0, 0.0, -5e-06, 0.0, 0.0, -1.0, 0.000946, 0.0, 1.0, 0.0, 0.719149, 0.0, 0.0, 0.0, 1.0],
                [1.0, 0.0, 0.0, -5e-06, 0.0, 0.0, -1.0, 0.000946, 0.0, 1.0, 0.0, 0.719149, 0.0, 0.0, 0.0, 1.0]
            ]
        },
        {
            "name": "Thigh_R",
            "time": [0.0, 1.5, 1.9833],
            "transform": [
                [0.892725, -1e-06, 0.4506, 0.124994, -0.049793, -0.993874, 0.098648, -0.002831, 0.447841, -0.110502, -0.887259, -1.2e-05, 0.0, 0.0, 0.0, 1.0],
                [0.892725, -1e-06, 0.4506, 0.124994, -0.049793, -0.993874, 0.098648, -0.002831, 0.447841, -0.110502, -0.887259, -1.2e-05, 0.0, 0.0, 0.0, 1.0],
                [0.902778, 0.285391, 0.32178, 0.124994, -0.012181, -0.730874, 0.682402, -0.002831, 0.429933, -0.619975, -0.656343, -1.2e-05, 0.0, 0.0, 0.0, 1.0]
            ]
        },
        {
            "name": "Leg_R",
            "time": [0.0, 1.5, 1.9833],
            "transform": [
                [1.0, 0.0, 1e-06, 0.0, -0.0, 0.991482, 0.130246, 0.37472, -1e-06, -0.130246, 0.991481, 0.0, 0.0, 0.0, 0.0, 1.0],
                [1.0, 0.0, 1e-06, 0.0, -0.0, 0.991482, 0.130246, 0.37472, -1e-06, -0.130246, 0.991481, 0.0, 0.0, 0.0, 0.0, 1.0],
                [1.0, -0.0, 1e-06, -0.0, -0.0, 0.718861, 0.695154, 0.37472, -1e-06, -0.695155, 0.718859, -0.0, 0.0, 0.0, 0.0, 1.0]
            ]
        },
        {
            "name": "Knee_R",
            "time": [1.9833, 0.0],
            "transform": [
                [1.0, 0.0, -0.0, -0.0, -0.0, 1e-06, -1.0, 0.37472, -0.0, 1.0, 1e-06, -0.0, 0.0, 0.0, 0.0, 1.0],
                [1.0, 0.0, -0.0, -0.0, -0.0, 1e-06, -1.0, 0.400459, -0.0, 1.0, 1e-06, -0.0, 0.0, 0.0, 0.0, 1.0]
            ]
        },
        {
            "name": "Thigh_L",
            "time": [0.0, 1.5, 1.9833],
            "transform": [
                [0.980809, -0.090439, 0.172724, -0.125006, -0.089069, -0.995901, -0.015685, -0.002831, 0.173434, -0.0, -0.984845, -1.2e-05, 0.0, 0.0, 0.0, 1.0],
                [0.980809, -0.090439, 0.172724, -0.125006, -0.089069, -0.995901, -0.015685, -0.002831, 0.173434, -0.0, -0.984845, -1.2e-05, 0.0, 0.0, 0.0, 1.0],
                [0.885493, -0.363077, -0.289961, -0.125006, -0.122322, -0.784174, 0.608363, -0.002831, -0.448263, -0.503231, -0.738795, -1.2e-05, 0.0, 0.0, 0.0, 1.0]
            ]
        },
        {
            "name": "Leg_L",
            "time": [0.0, 1.5, 1.9833],
            "transform": [
                [1.0, 0.0, 1e-06, 0.0, -0.0, 0.995278, 0.097059, 0.37472, -1e-06, -0.097059, 0.995279, 0.0, 0.0, 0.0, 0.0, 1.0],
                [1.0, 0.0, 1e-06, 0.0, -0.0, 0.995278, 0.097059, 0.37472, -1e-06, -0.097059, 0.995279, 0.0, 0.0, 0.0, 0.0, 1.0],
                [1.0, -0.0, 1e-06, 0.0, -0.0, 0.807741, 0.589539, 0.37472, -1e-06, -0.589539, 0.807739, 0.0, 0.0, 0.0, 0.0, 1.0]
            ]
        },
        {
            "name": "Knee_L",
            "time": [1.9833, 0.0],
            "transform": [
                [1.0, 0.0, -0.0, 0.0, -0.0, 1e-06, -1.0, 0.37472, -0.0, 1.0, 1e-06, -0.0, 0.0, 0.0, 0.0, 1.0],
                [1.0, 0.0, -0.0, 0.0, -0.0, 1e-06, -1.0, 0.385948, -0.0, 1.0, 1e-06, 0.0, 0.0, 0.0, 0.0, 1.0]
            ]
        },
        {
            "name": "Torso",
            "time": [1.9833, 0.0],
            "transform": [
                [1.0, 0.0, 0.0, 0.0, 0.0, 0.992826, 0.119572, 0.05, 0.0, -0.119572, 0.992826, 0.0, 0.0, 0.0, 0.0, 1.0],
                [1.0, 0.0, 0.0, 0.0, 0.0, 0.992826, 0.119572, 0.05, 0.0, -0.119572, 0.992826, 0.0, 0.0, 0.0, 0.0, 1.0]
            ]
        },
        {
            "name": "Chest",
            "time": [0.0, 0.3333, 1.3333, 1.9833],
            "transform": [
                [0.998394, 0.056659, 0.0, -0.0, -0.056659, 0.998394, 0.0, 0.3, 0.0, 0.0, 1.0, -0.0, 0.0, 0.0, 0.0, 1.0],
                [0.84954, 0.056659, 0.524472, -0.0, -0.048211, 0.998394, -0.029764, 0.3, -0.525316, -0.0, 0.850907, -0.0, 0.0, 0.0, 0.0, 1.0],
                [0.84954, -0.056659, -0.524472, -0.0, 0.048211, 0.998394, -0.029764, 0.3, 0.525316, -0.0, 0.850907, -0.0, 0.0, 0.0, 0.0, 1.0],
                [0.998394, 0.053429, 0.018856, -0.0, -0.056659, 0.94148, 0.332272, 0.3, 0.0, -0.332807, 0.942995, -0.0, 0.0, 0.0, 0.0, 1.0]
            ]
        },
        {
            "name": "Head",
            "time": [0.0, 1.9833],
            "transform": [
                [0.997781, -0.066588, 0.0, 0.0, 0.066588, 0.997781, 0.0, 0.4, 0.0, 0.0, 1.0, -0.0, 0.0, 0.0, 0.0, 1.0],
                [0.997781, -0.066588, -0.0, -0.0, 0.066588, 0.997781, -0.0, 0.4, 0.0, 0.0, 1.0, 0.0, 0.0, 0.0, 0.0, 1.0]
            ]
        },
        {
            "name": "Shoulder_R",
            "time": [1.9833, 0.0],
            "transform": [
                [0.0, 0.952114, 0.305743, 0.0, 0.0, -0.305743, 0.952114, 0.4, 1.0, -0.0, -0.0, -0.0, 0.0, 0.0, 0.0, 1.0],
                [0.0, 0.952114, 0.305743, -0.0, -0.0, -0.305743, 0.952114, 0.4, 1.0, 0.0, -0.0, 0.0, 0.0, 0.0, 0.0, 1.0]
            ]
        },
        {
            "name": "Arm_R",
            "time": [0.0, 0.3333, 0.6667, 1.9833],
            "transform": [
                [0.0, 0.0, -1.0, -0.0, 0.853091, 0.521762, 0.0, 0.39386, 0.521762, -0.853091, 0.0, 0.0, 0.0, 0.0, 0.0, 1.0],
                [0.107362, -0.911979, 0.395939, -0.0, 0.375515, -0.331546, -0.865486, 0.39386, 0.920577, 0.241601, 0.306866, 0.0, 0.0, 0.0, 0.0, 1.0],
                [0.107362, 0.671166, -0.733491, -0.0, 0.375515, 0.655734, 0.654982, 0.39386, 0.920577, -0.345757, -0.181632, 0.0, 0.0, 0.0, 0.0, 1.0],
                [0.107362, 0.671166, -0.733491, -0.0, 0.375515, 0.655734, 0.654982, 0.39386, 0.920577, -0.345757, -0.181632, 0.0, 0.0, 0.0, 0.0, 1.0]
            ]
        },
        {
            "name": "Hand_R",
            "time": [0.0, 0.3333, 0.6667, 1.9833],
            "transform": [
                [1.0, 0.0, 0.0, 0.0, -0.0, 0.987102, -0.160094, 0.3, -0.0, 0.160094, 0.987101, 0.0, 0.0, 0.0, 0.0, 1.0],
                [1.0, 0.0, 0.0, -0.0, -0.0, 0.590299, -0.807185, 0.3, -0.0, 0.807185, 0.590299, -0.0, 0.0, 0.0, 0.0, 1.0],
                [1.0, -0.0, 0.0, -0.0, -0.0, 0.956706, -0.291056, 0.3, -0.0, 0.291056, 0.956706, -0.0, 0.0, 0.0, 0.0, 1.0],
                [1.0, 0.0, 0.0, -0.0, -0.0, 0.956706, -0.291056, 0.3, -0.0, 0.291056, 0.956706, -0.0, 0.0, 0.0, 0.0, 1.0]
            ]
        },
        {
            "name": "Tool_R",
            "time": [0.0, 0.3333, 0.6667, 1.9833],
            "transform": [
                [0.125, 0.0, 0.0, -0.0, 0.0, -0.124979, 0.002265, 0.272858, 0.0, -0.002265, -0.124905, 0.0, 0.0, 0.0, 0.0, 1.0],
                [0.0, 0.0, 0.0, -0.0, 0.0, 0.0, 0.0, 0.272858, 0.0, 0.0, 0.0, 0.0, 0.0, 0.0, 0.0, 1.0],
                [1.0, -0.0, 0.0, 0.0, -0.0, -0.999836, 0.018122, 0.272858, 0.0, -0.018122, -0.999244, 0.0, 0.0, 0.0, 0.0, 1.0],
                [1.0, -0.0, 0.0, -0.0, -0.0, -0.999836, 0.018122, 0.272858, 0.0, -0.018122, -0.999243, 0.0, 0.0, 0.0, 0.0, 1.0]
            ]
        },
        {
            "name": "Elbow_R",
            "time": [1.9833, 0.0],
            "transform": [
                [-1.0, 0.0, -0.0, 0.0, 0.0, -0.0, -1.0, 0.325392, -0.0, -1.0, 0.0, -0.0, 0.0, 0.0, 0.0, 1.0],
                [-1.0, 0.0, -0.0, -0.0, -0.0, -0.0, -1.0, 0.338, -0.0, -1.0, 0.0, -0.0, 0.0, 0.0, 0.0, 1.0]
            ]
        },
        {
            "name": "Shoulder_L",
            "time": [1.9833, 0.0],
            "transform": [
                [-0.0, -0.952114, -0.305743, 0.0, 0.0, -0.305743, 0.952114, 0.4, -1.0, -0.0, 0.0, -0.0, 0.0, 0.0, 0.0, 1.0],
                [-0.0, -0.952114, -0.305743, -0.0, 0.0, -0.305743, 0.952114, 0.4, -1.0, -0.0, 0.0, 0.0, 0.0, 0.0, 0.0, 1.0]
            ]
        },
        {
            "name": "Arm_L",
            "time": [0.0, 1.3333, 1.6667, 1.9833],
            "transform": [
                [-0.0, -0.0, 1.0, 0.0, -0.853091, 0.521762, -0.0, 0.39386, -0.521762, -0.853091, -0.0, -0.0, 0.0, 0.0, 0.0, 1.0],
                [0.107362, 0.911979, -0.395939, 0.0, -0.375515, -0.331547, -0.865486, 0.39386, -0.920577, 0.241601, 0.306866, -0.0, 0.0, 0.0, 0.0, 1.0],
                [0.107362, -0.671166, 0.733491, 0.0, -0.375515, 0.655735, 0.654981, 0.39386, -0.920577, -0.345757, -0.181632, 0.0, 0.0, 0.0, 0.0, 1.0],
                [0.107362, -0.671166, 0.733491, 0.0, -0.375515, 0.655735, 0.654981, 0.39386, -0.920577, -0.345757, -0.181632, 0.0, 0.0, 0.0, 0.0, 1.0]
            ]
        },
        {
            "name": "Hand_L",
            "time": [0.0, 1.3333, 1.6667, 1.9833],
            "transform": [
                [1.0, 0.0, 0.0, -0.0, -0.0, 0.987102, -0.160094, 0.3, -0.0, 0.160094, 0.987102, -0.0, 0.0, 0.0, 0.0, 1.0],
                [1.0, 0.0, 0.0, 0.0, -0.0, 0.590299, -0.807185, 0.3, 0.0, 0.807185, 0.590299, -0.0, 0.0, 0.0, 0.0, 1.0],
                [1.0, 0.0, 0.0, -0.0, 0.0, 0.956706, -0.291056, 0.3, 0.0, 0.291056, 0.956706, -0.0, 0.0, 0.0, 0.0, 1.0],
                [1.0, 0.0, 0.0, 0.0, -0.0, 0.956706, -0.291056, 0.3, 0.0, 0.291056, 0.956706, -0.0, 0.0, 0.0, 0.0, 1.0]
            ]
        },
        {
            "name": "Tool_L",
            "time": [0.0, 1.6667, 1.9833, 1.3333],
            "transform": [
                [0.125, 0.0, 0.0, 0.0, 0.0, -0.124979, 0.002265, 0.272858, 0.0, -0.002265, -0.124906, -0.0, 0.0, 0.0, 0.0, 1.0],
                [0.0, 0.0, 0.0, -0.0, 0.0, 0.0, 0.0, 0.272858, 0.0, 0.0, 0.0, -0.0, 0.0, 0.0, 0.0, 1.0],
                [1.0, 0.0, 0.0, 0.0, 0.0, -0.999836, 0.018122, 0.272858, 0.0, -0.018122, -0.999247, 0.0, 0.0, 0.0, 0.0, 1.0],
                [1.0, 0.0, 0.0, -0.0, -0.0, -0.999836, 0.018122, 0.272858, 0.0, -0.018122, -0.999247, 0.0, 0.0, 0.0, 0.0, 1.0]
            ]
        },
        {
            "name": "Elbow_L",
            "time": [1.9833, 0.0],
            "transform": [
                [-1.0, 0.0, 0.0, -0.0, -0.0, -0.0, -1.0, 0.325392, -0.0, -1.0, -0.0, -0.0, 0.0, 0.0, 0.0, 1.0],
                [-1.0, 0.0, -0.0, 0.0, 0.0, -0.0, -1.0, 0.338, -0.0, -1.0, 0.0, -0.0, 0.0, 0.0, 0.0, 1.0]
            ]
        }
    ]
}