{
    "animation": [
        {
            "name": "Root",
            "time": [0.0, 2.0],
            "transform": [
                [0.853824, 0.0, -0.520561, -5e-06, -0.520561, 0.0, -0.853824, 0.000946, 0.0, 1.0, 0.0, 0.763972, 0.0, 0.0, 0.0, 1.0],
                [0.853824, 0.0, -0.520561, -5e-06, -0.520561, 0.0, -0.853824, 0.000946, 0.0, 1.0, 0.0, 0.763972, 0.0, 0.0, 0.0, 1.0]
            ]
        },
        {
            "name": "Thigh_R",
            "time": [0.0, 2.0],
            "transform": [
                [0.962597, 0.270652, -0.012391, 0.124994, 0.269711, -0.961582, -0.0511, -0.002831, -0.025745, 0.045847, -0.998617, -1.2e-05, 0.0, 0.0, 0.0, 1.0],
                [0.962597, 0.270652, -0.012391, 0.124994, 0.269711, -0.961582, -0.0511, -0.002831, -0.025745, 0.045847, -0.998617, -1.2e-05, 0.0, 0.0, 0.0, 1.0]
            ]
        },
        {
            "name": "Leg_R",
            "time": [0.0, 2.0],
            "transform": [
                [1.0, 0.0, 1e-06, 0.0, -0.0, 0.984571, 0.174988, 0.37472, -1e-06, -0.174988, 0.98457, 0.0, 0.0, 0.0, 0.0, 1.0],
                [1.0, 0.0, 1e-06, 0.0, -0.0, 0.984571, 0.174988, 0.37472, -1e-06, -0.174988, 0.98457, 0.0, 0.0, 0.0, 0.0, 1.0]
            ]
        },
        {
            "name": "Knee_R",
            "time": [0.0, 2.0],
            "transform": [
                [1.0, 0.0, -0.0, 0.0, -0.0, 1e-06, -1.0, 0.37472, -0.0, 1.0, 1e-06, 0.0, 0.0, 0.0, 0.0, 1.0],
                [1.0, 0.0, -0.0, 0.0, -0.0, 1e-06, -1.0, 0.37472, -0.0, 1.0, 1e-06, 0.0, 0.0, 0.0, 0.0, 1.0]
            ]
        },
        {
            "name": "Thigh_L",
            "time": [0.0, 2.0],
            "transform": [
                [0.972296, -0.0, -0.233752, -0.125006, 0.0, -0.999999, 1e-06, -0.002831, -0.233752, -0.0, -0.972296, -1.2e-05, 0.0, 0.0, 0.0, 1.0],
                [0.972296, -0.0, -0.233752, -0.125006, 0.0, -0.999999, 1e-06, -0.002831, -0.233752, -0.0, -0.972296, -1.2e-05, 0.0, 0.0, 0.0, 1.0]
            ]
        },
        {
            "name": "Leg_L",
            "time": [0.0, 2.0],
            "transform": [
                [1.0, 0.0, 1e-06, -0.0, -0.0, 0.996928, 0.078324, 0.37472, -1e-06, -0.078324, 0.996928, 0.0, 0.0, 0.0, 0.0, 1.0],
                [1.0, 0.0, 1e-06, -0.0, -0.0, 0.996928, 0.078324, 0.37472, -1e-06, -0.078324, 0.996928, 0.0, 0.0, 0.0, 0.0, 1.0]
            ]
        },
        {
            "name": "Knee_L",
            "time": [0.0, 2.0],
            "transform": [
                [1.0, 0.0, -0.0, -0.0, -0.0, 1e-06, -1.0, 0.37472, -0.0, 1.0, 1e-06, 0.0, 0.0, 0.0, 0.0, 1.0],
                [1.0, 0.0, -0.0, -0.0, -0.0, 1e-06, -1.0, 0.37472, -0.0, 1.0, 1e-06, 0.0, 0.0, 0.0, 0.0, 1.0]
            ]
        },
        {
            "name": "Torso",
            "time": [0.0, 2.0],
            "transform": [
                [1.0, 0.0, 0.0, 0.0, 0.0, 1.0, 0.0, 0.05, 0.0, 0.0, 1.0, 0.0, 0.0, 0.0, 0.0, 1.0],
                [1.0, 0.0, 0.0, 0.0, 0.0, 1.0, 0.0, 0.05, 0.0, 0.0, 1.0, 0.0, 0.0, 0.0, 0.0, 1.0]
            ]
        },
        {
            "name": "Chest",
            "time": [0.0, 1.0, 2.0],
            "transform": [
                [0.976929, 0.0, 0.213563, 0.0, 0.0, 1.0, 0.0, 0.3, -0.213563, 0.0, 0.976929, -0.0, 0.0, 0.0, 0.0, 1.0],
                [0.97529, -0.072155, 0.208813, 0.0, 0.045215, 0.990347, 0.131028, 0.3, -0.216252, -0.118348, 0.969138, -0.0, 0.0, 0.0, 0.0, 1.0],
                [0.976929, 0.0, 0.213563, 0.0, 0.0, 1.0, 0.0, 0.3, -0.213563, 0.0, 0.976929, -0.0, 0.0, 0.0, 0.0, 1.0]
            ]
        },
        {
            "name": "Head",
            "time": [0.0, 0.6667, 1.3333, 2.0],
            "transform": [
                [0.947044, 0.0, 0.321104, 0.0, 0.0, 1.0, 0.0, 0.4, -0.321104, 0.0, 0.947044, 0.0, 0.0, 0.0, 0.0, 1.0],
                [0.91821, -0.04222, -0.393837, 0.0, 0.156618, 0.951973, 0.263093, 0.4, 0.363815, -0.303256, 0.880724, 0.0, 0.0, 0.0, 0.0, 1.0],
                [0.91821, -0.04222, -0.393837, -0.0, 0.156618, 0.951973, 0.263093, 0.4, 0.363815, -0.303256, 0.880724, 0.0, 0.0, 0.0, 0.0, 1.0],
                [0.947044, 0.0, 0.321104, 0.0, 0.0, 1.0, 0.0, 0.4, -0.321104, 0.0, 0.947044, 0.0, 0.0, 0.0, 0.0, 1.0]
            ]
        },
        {
            "name": "Shoulder_R",
            "time": [0.0, 2.0],
            "transform": [
                [0.0, 0.952114, 0.305743, 0.0, 0.0, -0.305743, 0.952114, 0.4, 1.0, 0.0, -0.0, 0.0, 0.0, 0.0, 0.0, 1.0],
                [0.0, 0.952114, 0.305743, 0.0, 0.0, -0.305743, 0.952114, 0.4, 1.0, 0.0, -0.0, 0.0, 0.0, 0.0, 0.0, 1.0]
            ]
        },
        {
            "name": "Arm_R",
            "time": [0.0, 0.5833, 1.25, 2.0],
            "transform": [
                [0.099346, -0.68959, -0.717354, 0.0, 0.837071, 0.4477, -0.314446, 0.39386, 0.537998, -0.569237, 0.621713, 0.0, 0.0, 0.0, 0.0, 1.0],
                [-0.120342, -0.728734, -0.67414, 0.0, 0.834785, 0.293229, -0.465995, 0.393861, 0.537264, -0.618841, 0.573048, -0.0, 0.0, 0.0, 0.0, 1.0],
                [-0.120342, -0.728734, -0.67414, -0.0, 0.834785, 0.293229, -0.465995, 0.393861, 0.537264, -0.618841, 0.573048, 0.0, 0.0, 0.0, 0.0, 1.0],
                [0.099346, -0.68959, -0.717354, 0.0, 0.837071, 0.4477, -0.314446, 0.39386, 0.537998, -0.569237, 0.621713, 0.0, 0.0, 0.0, 0.0, 1.0]
            ]
        },
        {
            "name": "Hand_R",
            "time": [0.0, 2.0],
            "transform": [
                [1.0, 0.0, 0.0, -0.0, -0.0, 0.720324, -0.693638, 0.3, -0.0, 0.693638, 0.720324, -0.0, 0.0, 0.0, 0.0, 1.0],
                [1.0, 0.0, 0.0, -0.0, -0.0, 0.720324, -0.693638, 0.3, -0.0, 0.693638, 0.720324, -0.0, 0.0, 0.0, 0.0, 1.0]
            ]
        },
        {
            "name": "Tool_R",
            "time": [0.0, 2.0],
            "transform": [
                [1.0, 0.0, 0.0, -0.0, 0.0, -0.999836, 0.018122, 0.272858, 0.0, -0.018122, -0.999244, 0.0, 0.0, 0.0, 0.0, 1.0],
                [1.0, 0.0, 0.0, -0.0, 0.0, -0.999836, 0.018122, 0.272858, 0.0, -0.018122, -0.999244, 0.0, 0.0, 0.0, 0.0, 1.0]
            ]
        },
        {
            "name": "Elbow_R",
            "time": [0.0, 2.0],
            "transform": [
                [-1.0, 0.0, -0.0, -0.0, 0.0, -0.0, -1.0, 0.382156, -0.0, -1.0, 0.0, -0.0, 0.0, 0.0, 0.0, 1.0],
                [-1.0, 0.0, -0.0, -0.0, 0.0, -0.0, -1.0, 0.382156, -0.0, -1.0, 0.0, -0.0, 0.0, 0.0, 0.0, 1.0]
            ]
        },
        {
            "name": "Shoulder_L",
            "time": [0.0, 2.0],
            "transform": [
                [-0.0, -0.952114, -0.305743, 0.0, 0.0, -0.305743, 0.952114, 0.4, -1.0, 0.0, 0.0, 0.0, 0.0, 0.0, 0.0, 1.0],
                [-0.0, -0.952114, -0.305743, 0.0, 0.0, -0.305743, 0.952114, 0.4, -1.0, 0.0, 0.0, 0.0, 0.0, 0.0, 0.0, 1.0]
            ]
        },
        {
            "name": "Arm_L",
            "time": [0.0, 1.0, 2.0],
            "transform": [
                [0.142997, 0.224963, 0.963817, -0.0, -0.686244, 0.724258, -0.067233, 0.39386, -0.713177, -0.651799, 0.257947, 0.0, 0.0, 0.0, 0.0, 1.0],
                [0.361786, 0.550396, 0.752446, 0.0, -0.609412, 0.750421, -0.255901, 0.39386, -0.705498, -0.365969, 0.60691, 0.0, 0.0, 0.0, 0.0, 1.0],
                [0.142997, 0.224963, 0.963817, -0.0, -0.686244, 0.724258, -0.067233, 0.39386, -0.713177, -0.651799, 0.257947, 0.0, 0.0, 0.0, 0.0, 1.0]
            ]
        },
        {
            "name": "Hand_L",
            "time": [0.0, 0.8333, 1.1667, 2.0],
            "transform": [
                [1.0, 0.0, 0.0, -0.0, -0.0, 0.932482, -0.361217, 0.3, -0.0, 0.361217, 0.932482, 0.0, 0.0, 0.0, 0.0, 1.0],
                [1.0, 0.0, 0.0, 0.0, -0.0, 0.76957, -0.638563, 0.3, -0.0, 0.638563, 0.769569, -0.0, 0.0, 0.0, 0.0, 1.0],
                [1.0, 0.0, 0.0, -0.0, -0.0, 0.769569, -0.638563, 0.3, -0.0, 0.638563, 0.769569, -0.0, 0.0, 0.0, 0.0, 1.0],
                [1.0, 0.0, 0.0, -0.0, -0.0, 0.932482, -0.361217, 0.3, -0.0, 0.361217, 0.932482, 0.0, 0.0, 0.0, 0.0, 1.0]
            ]
        },
        {
            "name": "Tool_L",
            "time": [0.0, 2.0],
            "transform": [
                [0.0, 0.0, 0.0, 0.0, 0.0, 0.0, 0.0, 0.272858, 0.0, 0.0, 0.0, 0.0, 0.0, 0.0, 0.0, 1.0],
                [0.0, 0.0, 0.0, 0.0, 0.0, 0.0, 0.0, 0.272858, 0.0, 0.0, 0.0, 0.0, 0.0, 0.0, 0.0, 1.0]
            ]
        },
        {
            "name": "Elbow_L",
            "time": [0.0, 2.0],
            "transform": [
                [-1.0, 0.0, -0.0, -0.0, 0.0, 0.0, -1.0, 0.344957, -0.0, -1.0, -0.0, -0.0, 0.0, 0.0, 0.0, 1.0],
                [-1.0, 0.0, -0.0, -0.0, 0.0, 0.0, -1.0, 0.344957, -0.0, -1.0, -0.0, -0.0, 0.0, 0.0, 0.0, 1.0]
            ]
        }
    ]
}